1.252467172573304133e+01
1.442118088188206215e+01
1.631769003803108120e+01
1.821419919418010380e+01
2.011070835032912285e+01
2.200721750647814190e+01
2.390372666262716450e+01
2.580023581877618710e+01
2.769674497492520615e+01
2.959325413107422520e+01
3.148976328722324780e+01
3.338627244337227040e+01
3.528278159952128590e+01
3.717929075567030850e+01
3.907579991181933110e+01
4.097230906796835370e+01
4.286881822411736920e+01
4.476532738026639180e+01
4.666183653641541440e+01
4.855834569256443700e+01
5.045485484871345250e+01
5.235136400486247510e+01
5.424787316101149770e+01
5.614438231716052030e+01
5.804089147330953580e+01
5.993740062945855840e+01
6.183390978560758100e+01
6.373041894175659650e+01
6.562692809790561910e+01
6.752343725405464170e+01
6.941994641020366430e+01
7.131645556635267269e+01
7.321296472250169529e+01
7.510947387865071789e+01
7.700598303479974049e+01
7.890249219094876310e+01
8.079900134709778570e+01
8.269551050324680830e+01
8.459201965939583090e+01
8.648852881554485350e+01
8.838503797169386189e+01
9.028154712784288449e+01
9.217805628399190709e+01
9.407456544014092970e+01
9.597107459628995230e+01
9.786758375243897490e+01
9.976409290858799750e+01
1.016606020647370059e+02
1.035571112208860285e+02
1.054536203770350511e+02
1.073501295331840737e+02
