1.003402e-02 	 5.205111e-01 	 1.986700e-02 
1.010241e-02 	 5.193841e-01 	 2.015302e-02 
1.017126e-02 	 5.181739e-01 	 2.026293e-02 
1.024058e-02 	 5.170790e-01 	 2.055143e-02 
1.031037e-02 	 5.159039e-01 	 2.066731e-02 
1.038064e-02 	 5.148430e-01 	 2.095849e-02 
1.045139e-02 	 5.137041e-01 	 2.108043e-02 
1.052262e-02 	 5.126771e-01 	 2.137442e-02 
1.059434e-02 	 5.115727e-01 	 2.150242e-02 
1.066654e-02 	 5.105785e-01 	 2.179930e-02 
1.073924e-02 	 5.095116e-01 	 2.193354e-02 
1.081243e-02 	 5.085578e-01 	 2.223379e-02 
1.088612e-02 	 5.075346e-01 	 2.237461e-02 
1.096031e-02 	 5.066181e-01 	 2.267824e-02 
1.103501e-02 	 5.056255e-01 	 2.282514e-02 
1.111022e-02 	 5.047327e-01 	 2.313167e-02 
1.118594e-02 	 5.037662e-01 	 2.328448e-02 
1.126218e-02 	 5.029019e-01 	 2.359424e-02 
1.133894e-02 	 5.019705e-01 	 2.375343e-02 
1.141621e-02 	 5.011462e-01 	 2.406709e-02 
1.149402e-02 	 5.002634e-01 	 2.423340e-02 
1.157236e-02 	 4.994877e-01 	 2.455154e-02 
1.165123e-02 	 4.986473e-01 	 2.472475e-02 
1.173064e-02 	 4.979014e-01 	 2.504662e-02 
1.181058e-02 	 4.970871e-01 	 2.522600e-02 
1.189108e-02 	 4.963694e-01 	 2.555162e-02 
1.197212e-02 	 4.955912e-01 	 2.573773e-02 
1.205372e-02 	 4.949102e-01 	 2.606769e-02 
1.213587e-02 	 4.941661e-01 	 2.626050e-02 
1.221858e-02 	 4.935123e-01 	 2.659441e-02 
1.230185e-02 	 4.927975e-01 	 2.679373e-02 
1.238569e-02 	 4.921807e-01 	 2.713224e-02 
1.247011e-02 	 4.915146e-01 	 2.733921e-02 
1.255510e-02 	 4.909459e-01 	 2.768310e-02 
1.264066e-02 	 4.903183e-01 	 2.789725e-02 
1.272682e-02 	 4.897744e-01 	 2.824536e-02 
1.281355e-02 	 4.891719e-01 	 2.846600e-02 
1.290088e-02 	 4.886639e-01 	 2.881907e-02 
1.298881e-02 	 4.881114e-01 	 2.904773e-02 
1.307733e-02 	 4.876526e-01 	 2.940671e-02 
1.316646e-02 	 4.871379e-01 	 2.964277e-02 
1.325619e-02 	 4.867025e-01 	 3.000625e-02 
1.334654e-02 	 4.862107e-01 	 3.024886e-02 
1.343750e-02 	 4.858069e-01 	 3.061745e-02 
1.352909e-02 	 4.853587e-01 	 3.086796e-02 
1.362129e-02 	 4.850012e-01 	 3.124271e-02 
1.371413e-02 	 4.845977e-01 	 3.150131e-02 
1.380759e-02 	 4.842809e-01 	 3.188203e-02 
1.390170e-02 	 4.839185e-01 	 3.214858e-02 
1.399644e-02 	 4.836429e-01 	 3.253545e-02 
1.409184e-02 	 4.833234e-01 	 3.281017e-02 
1.418788e-02 	 4.830874e-01 	 3.320323e-02 
1.428457e-02 	 4.828038e-01 	 3.348573e-02 
1.438193e-02 	 4.825987e-01 	 3.388451e-02 
1.447995e-02 	 4.823471e-01 	 3.417458e-02 
1.457863e-02 	 4.821764e-01 	 3.457942e-02 
1.467799e-02 	 4.819639e-01 	 3.487763e-02 
1.477803e-02 	 4.818360e-01 	 3.528926e-02 
1.487875e-02 	 4.816728e-01 	 3.559644e-02 
1.498015e-02 	 4.815954e-01 	 3.601557e-02 
1.508225e-02 	 4.814775e-01 	 3.633156e-02 
1.518504e-02 	 4.814332e-01 	 3.675703e-02 
1.528853e-02 	 4.813424e-01 	 3.708050e-02 
1.539273e-02 	 4.813284e-01 	 3.751219e-02 
1.549764e-02 	 4.812797e-01 	 3.784434e-02 
1.560326e-02 	 4.813148e-01 	 3.828381e-02 
1.570960e-02 	 4.813168e-01 	 3.862543e-02 
1.581667e-02 	 4.813987e-01 	 3.907265e-02 
1.592447e-02 	 4.814464e-01 	 3.942341e-02 
1.603300e-02 	 4.815737e-01 	 3.987840e-02 
1.614227e-02 	 4.816694e-01 	 4.023861e-02 
1.625229e-02 	 4.818436e-01 	 4.070163e-02 
1.636305e-02 	 4.819832e-01 	 4.107101e-02 
1.647457e-02 	 4.821950e-01 	 4.154137e-02 
1.658685e-02 	 4.823707e-01 	 4.191932e-02 
1.669990e-02 	 4.826215e-01 	 4.239723e-02 
1.681372e-02 	 4.828430e-01 	 4.278462e-02 
1.692831e-02 	 4.831426e-01 	 4.327101e-02 
1.704368e-02 	 4.834139e-01 	 4.366827e-02 
1.715984e-02 	 4.837615e-01 	 4.416319e-02 
1.727679e-02 	 4.840806e-01 	 4.457021e-02 
1.739454e-02 	 4.844749e-01 	 4.507364e-02 
1.751309e-02 	 4.848410e-01 	 4.549040e-02 
1.763245e-02 	 4.852811e-01 	 4.600234e-02 
1.775262e-02 	 4.856929e-01 	 4.642876e-02 
1.787361e-02 	 4.861776e-01 	 4.694914e-02 
1.799543e-02 	 4.866373e-01 	 4.738547e-02 
1.811808e-02 	 4.871761e-01 	 4.791530e-02 
1.824156e-02 	 4.876974e-01 	 4.836292e-02 
1.836588e-02 	 4.882955e-01 	 4.890281e-02 
1.849105e-02 	 4.888654e-01 	 4.936050e-02 
1.861708e-02 	 4.894997e-01 	 4.990821e-02 
1.874396e-02 	 4.901062e-01 	 5.037473e-02 
1.887171e-02 	 4.907886e-01 	 5.093143e-02 
1.900033e-02 	 4.914568e-01 	 5.140936e-02 
1.912982e-02 	 4.922039e-01 	 5.197687e-02 
1.926020e-02 	 4.929312e-01 	 5.246598e-02 
1.939146e-02 	 4.937295e-01 	 5.304293e-02 
1.952363e-02 	 4.945051e-01 	 5.354208e-02 
1.965669e-02 	 4.953511e-01 	 5.412808e-02 
1.979066e-02 	 4.961764e-01 	 5.463739e-02 
1.992554e-02 	 4.970774e-01 	 5.523325e-02 
2.006134e-02 	 4.979676e-01 	 5.575435e-02 
2.019806e-02 	 4.989396e-01 	 5.636187e-02 
2.033572e-02 	 4.998963e-01 	 5.689499e-02 
2.047432e-02 	 5.009197e-01 	 5.751200e-02 
2.061386e-02 	 5.019171e-01 	 5.805412e-02 
2.075435e-02 	 5.029843e-01 	 5.867967e-02 
2.089580e-02 	 5.040413e-01 	 5.923289e-02 
2.103821e-02 	 5.051806e-01 	 5.987021e-02 
2.118160e-02 	 5.063117e-01 	 6.043620e-02 
2.132596e-02 	 5.075181e-01 	 6.108475e-02 
2.147130e-02 	 5.087098e-01 	 6.166186e-02 
2.161764e-02 	 5.099708e-01 	 6.232006e-02 
2.176497e-02 	 5.112126e-01 	 6.290691e-02 
2.191331e-02 	 5.125226e-01 	 6.357396e-02 
2.206266e-02 	 5.138235e-01 	 6.417149e-02 
2.221302e-02 	 5.152081e-01 	 6.485045e-02 
2.236441e-02 	 5.165936e-01 	 6.546177e-02 
2.251684e-02 	 5.180576e-01 	 6.615324e-02 
2.267030e-02 	 5.195097e-01 	 6.677600e-02 
2.282481e-02 	 5.210307e-01 	 6.747701e-02 
2.298037e-02 	 5.225393e-01 	 6.810976e-02 
2.313699e-02 	 5.241202e-01 	 6.882052e-02 
2.329467e-02 	 5.256919e-01 	 6.946391e-02 
2.345344e-02 	 5.273361e-01 	 7.018467e-02 
2.361328e-02 	 5.289709e-01 	 7.083849e-02 
2.377422e-02 	 5.306813e-01 	 7.156949e-02 
2.393625e-02 	 5.323929e-01 	 7.223540e-02 
2.409938e-02 	 5.341924e-01 	 7.297955e-02 
2.426363e-02 	 5.359941e-01 	 7.365920e-02 
2.442900e-02 	 5.378660e-01 	 7.441412e-02 
2.459549e-02 	 5.397166e-01 	 7.510163e-02 
2.476312e-02 	 5.416293e-01 	 7.586267e-02 
2.493189e-02 	 5.435372e-01 	 7.655888e-02 
2.510181e-02 	 5.455310e-01 	 7.733137e-02 
2.527289e-02 	 5.475317e-01 	 7.804103e-02 
2.544513e-02 	 5.496119e-01 	 7.882554e-02 
2.561855e-02 	 5.516878e-01 	 7.954594e-02 
2.579315e-02 	 5.538379e-01 	 8.033989e-02 
2.596894e-02 	 5.559870e-01 	 8.107044e-02 
2.614593e-02 	 5.582148e-01 	 8.187468e-02 
2.632413e-02 	 5.604426e-01 	 8.261590e-02 
2.650354e-02 	 5.627448e-01 	 8.342968e-02 
2.668417e-02 	 5.650426e-01 	 8.417998e-02 
2.686603e-02 	 5.674142e-01 	 8.500226e-02 
2.704914e-02 	 5.697860e-01 	 8.576191e-02 
2.723349e-02 	 5.722369e-01 	 8.659384e-02 
2.741909e-02 	 5.746927e-01 	 8.736404e-02 
2.760597e-02 	 5.772312e-01 	 8.820661e-02 
2.779411e-02 	 5.797765e-01 	 8.898788e-02 
2.798354e-02 	 5.823978e-01 	 8.984009e-02 
2.817426e-02 	 5.850116e-01 	 9.062891e-02 
2.836628e-02 	 5.876886e-01 	 9.148623e-02 
2.855961e-02 	 5.903604e-01 	 9.228060e-02 
2.875425e-02 	 5.931113e-01 	 9.314548e-02 
2.895022e-02 	 5.958718e-01 	 9.394984e-02 
2.914753e-02 	 5.987128e-01 	 9.482456e-02 
2.934618e-02 	 6.015541e-01 	 9.563735e-02 
2.954619e-02 	 6.044666e-01 	 9.651869e-02 
2.974756e-02 	 6.073779e-01 	 9.733792e-02 
2.995030e-02 	 6.103647e-01 	 9.822598e-02 
3.015442e-02 	 6.133523e-01 	 9.905234e-02 
3.035994e-02 	 6.164088e-01 	 9.994614e-02 
3.056685e-02 	 6.194536e-01 	 1.007762e-01 
3.077518e-02 	 6.225586e-01 	 1.016720e-01 
3.098492e-02 	 6.256566e-01 	 1.025049e-01 
3.119610e-02 	 6.288283e-01 	 1.034054e-01 
3.140871e-02 	 6.320038e-01 	 1.042448e-01 
3.162278e-02 	 6.352541e-01 	 1.051517e-01 
3.183830e-02 	 6.385034e-01 	 1.059968e-01 
3.205529e-02 	 6.418230e-01 	 1.069085e-01 
3.227376e-02 	 6.451391e-01 	 1.077581e-01 
3.249372e-02 	 6.485240e-01 	 1.086738e-01 
3.271518e-02 	 6.519064e-01 	 1.095276e-01 
3.293814e-02 	 6.553626e-01 	 1.104483e-01 
3.316263e-02 	 6.588232e-01 	 1.113084e-01 
3.338865e-02 	 6.623467e-01 	 1.122334e-01 
3.361620e-02 	 6.658319e-01 	 1.130907e-01 
3.384531e-02 	 6.693255e-01 	 1.140035e-01 
3.407598e-02 	 6.728082e-01 	 1.148534e-01 
3.430822e-02 	 6.764666e-01 	 1.157873e-01 
3.454205e-02 	 6.803446e-01 	 1.166981e-01 
3.477747e-02 	 6.845353e-01 	 1.177169e-01 
3.501449e-02 	 6.889244e-01 	 1.187097e-01 
3.525313e-02 	 6.935367e-01 	 1.197957e-01 
3.549339e-02 	 6.982472e-01 	 1.208389e-01 
3.573529e-02 	 7.030691e-01 	 1.219565e-01 
3.597884e-02 	 7.078646e-01 	 1.230100e-01 
3.622405e-02 	 7.126336e-01 	 1.241142e-01 
3.647094e-02 	 7.172273e-01 	 1.251283e-01 
3.671950e-02 	 7.216968e-01 	 1.261763e-01 
3.696976e-02 	 7.259967e-01 	 1.271352e-01 
3.722172e-02 	 7.302321e-01 	 1.281384e-01 
3.747540e-02 	 7.343666e-01 	 1.290647e-01 
3.773081e-02 	 7.385129e-01 	 1.300490e-01 
3.798796e-02 	 7.426430e-01 	 1.309716e-01 
3.824687e-02 	 7.468728e-01 	 1.319682e-01 
3.850754e-02 	 7.511353e-01 	 1.329123e-01 
3.876998e-02 	 7.554904e-01 	 1.339298e-01 
3.903421e-02 	 7.598515e-01 	 1.348908e-01 
3.930025e-02 	 7.642758e-01 	 1.359205e-01 
3.956809e-02 	 7.686735e-01 	 1.368886e-01 
3.983777e-02 	 7.730984e-01 	 1.379196e-01 
4.010928e-02 	 7.774615e-01 	 1.388835e-01 
4.038264e-02 	 7.818319e-01 	 1.399074e-01 
4.065786e-02 	 7.861372e-01 	 1.408642e-01 
4.093496e-02 	 7.904503e-01 	 1.418818e-01 
4.121395e-02 	 7.946990e-01 	 1.428332e-01 
4.149484e-02 	 7.989567e-01 	 1.438464e-01 
4.177764e-02 	 8.031519e-01 	 1.447944e-01 
4.206238e-02 	 8.073567e-01 	 1.458051e-01 
4.234905e-02 	 8.114948e-01 	 1.467507e-01 
4.263767e-02 	 8.156342e-01 	 1.477582e-01 
4.292827e-02 	 8.196978e-01 	 1.486998e-01 
4.322084e-02 	 8.237533e-01 	 1.497024e-01 
4.351541e-02 	 8.277231e-01 	 1.506383e-01 
4.381198e-02 	 8.316744e-01 	 1.516339e-01 
4.411058e-02 	 8.355302e-01 	 1.525617e-01 
4.441121e-02 	 8.393591e-01 	 1.535485e-01 
4.471389e-02 	 8.430849e-01 	 1.544671e-01 
4.501864e-02 	 8.467761e-01 	 1.554437e-01 
4.532546e-02 	 8.503566e-01 	 1.563515e-01 
4.563437e-02 	 8.538945e-01 	 1.573166e-01 
4.594538e-02 	 8.573140e-01 	 1.582121e-01 
4.625852e-02 	 8.606828e-01 	 1.591637e-01 
4.657379e-02 	 8.639251e-01 	 1.600450e-01 
4.689121e-02 	 8.671085e-01 	 1.609813e-01 
4.721079e-02 	 8.701573e-01 	 1.618464e-01 
4.753255e-02 	 8.731389e-01 	 1.627651e-01 
4.785651e-02 	 8.759780e-01 	 1.636116e-01 
4.818267e-02 	 8.787416e-01 	 1.645102e-01 
4.851105e-02 	 8.813554e-01 	 1.653357e-01 
4.884168e-02 	 8.838870e-01 	 1.662118e-01 
4.917455e-02 	 8.862628e-01 	 1.670139e-01 
4.950970e-02 	 8.885502e-01 	 1.678652e-01 
4.984713e-02 	 8.906763e-01 	 1.686416e-01 
5.018685e-02 	 8.927084e-01 	 1.694656e-01 
5.052890e-02 	 8.945737e-01 	 1.702136e-01 
5.087327e-02 	 8.963378e-01 	 1.710069e-01 
5.121999e-02 	 8.979268e-01 	 1.717226e-01 
5.156908e-02 	 8.994057e-01 	 1.724809e-01 
5.192054e-02 	 9.007013e-01 	 1.731596e-01 
5.227440e-02 	 9.018784e-01 	 1.738781e-01 
5.263067e-02 	 9.028643e-01 	 1.745148e-01 
5.298937e-02 	 9.037264e-01 	 1.751889e-01 
5.335052e-02 	 9.044005e-01 	 1.757811e-01 
5.371412e-02 	 9.049592e-01 	 1.764105e-01 
5.408021e-02 	 9.053400e-01 	 1.769592e-01 
5.444879e-02 	 9.056164e-01 	 1.775454e-01 
5.481988e-02 	 9.057278e-01 	 1.780523e-01 
5.519350e-02 	 9.057483e-01 	 1.785975e-01 
5.556966e-02 	 9.056229e-01 	 1.790660e-01 
5.594839e-02 	 9.054327e-01 	 1.795758e-01 
5.632970e-02 	 9.051280e-01 	 1.800141e-01 
5.671361e-02 	 9.047912e-01 	 1.804979e-01 
5.710014e-02 	 9.043754e-01 	 1.809163e-01 
5.748930e-02 	 9.039644e-01 	 1.813854e-01 
5.788111e-02 	 9.035131e-01 	 1.817956e-01 
5.827560e-02 	 9.030985e-01 	 1.822609e-01 
5.867277e-02 	 9.026673e-01 	 1.826711e-01 
5.907265e-02 	 9.022939e-01 	 1.831385e-01 
5.947525e-02 	 9.019267e-01 	 1.835544e-01 
5.988060e-02 	 9.016407e-01 	 1.840303e-01 
6.028871e-02 	 9.013862e-01 	 1.844587e-01 
6.069960e-02 	 9.012380e-01 	 1.849503e-01 
6.111329e-02 	 9.011434e-01 	 1.853980e-01 
6.152981e-02 	 9.011730e-01 	 1.859107e-01 
6.194916e-02 	 9.012747e-01 	 1.863823e-01 
6.237137e-02 	 9.015197e-01 	 1.869212e-01 
6.279645e-02 	 9.018576e-01 	 1.874224e-01 
6.322443e-02 	 9.023604e-01 	 1.879936e-01 
6.365534e-02 	 9.029788e-01 	 1.885310e-01 
6.408917e-02 	 9.037829e-01 	 1.891414e-01 
6.452597e-02 	 9.047235e-01 	 1.897215e-01 
6.496574e-02 	 9.058715e-01 	 1.903778e-01 
6.540850e-02 	 9.071794e-01 	 1.910081e-01 
6.585429e-02 	 9.087198e-01 	 1.917186e-01 
6.630311e-02 	 9.104470e-01 	 1.924082e-01 
6.675500e-02 	 9.124285e-01 	 1.931818e-01 
6.720996e-02 	 9.146063e-01 	 1.939358e-01 
6.766802e-02 	 9.170401e-01 	 1.947734e-01 
6.812921e-02 	 9.196718e-01 	 1.955914e-01 
6.859354e-02 	 9.225611e-01 	 1.964926e-01 
6.906103e-02 	 9.256498e-01 	 1.973742e-01 
6.953171e-02 	 9.289970e-01 	 1.983388e-01 
7.000559e-02 	 9.325387e-01 	 1.992825e-01 
7.048271e-02 	 9.363246e-01 	 2.003060e-01 
7.096308e-02 	 9.402852e-01 	 2.013041e-01 
7.144672e-02 	 9.444678e-01 	 2.023773e-01 
7.193366e-02 	 9.488003e-01 	 2.034199e-01 
7.242392e-02 	 9.533267e-01 	 2.045319e-01 
7.291751e-02 	 9.579730e-01 	 2.056070e-01 
7.341448e-02 	 9.627897e-01 	 2.067471e-01 
7.391483e-02 	 9.677112e-01 	 2.078475e-01 
7.441859e-02 	 9.727894e-01 	 2.090109e-01 
7.492578e-02 	 9.779561e-01 	 2.101319e-01 
7.543643e-02 	 9.832612e-01 	 2.113134e-01 
7.595056e-02 	 9.886338e-01 	 2.124489e-01 
7.646819e-02 	 9.941229e-01 	 2.136419e-01 
7.698935e-02 	 9.996602e-01 	 2.147863e-01 
7.751407e-02 	 1.005298e+00 	 2.159869e-01 
7.804236e-02 	 1.010966e+00 	 2.171369e-01 
7.857425e-02 	 1.016715e+00 	 2.183414e-01 
7.910976e-02 	 1.022472e+00 	 2.194927e-01 
7.964893e-02 	 1.028286e+00 	 2.206962e-01 
8.019177e-02 	 1.034081e+00 	 2.218434e-01 
8.073831e-02 	 1.039910e+00 	 2.230413e-01 
8.128857e-02 	 1.045700e+00 	 2.241811e-01 
8.184259e-02 	 1.051500e+00 	 2.253704e-01 
8.240038e-02 	 1.057234e+00 	 2.264992e-01 
8.296197e-02 	 1.062949e+00 	 2.276754e-01 
8.352739e-02 	 1.068569e+00 	 2.287881e-01 
8.409666e-02 	 1.074143e+00 	 2.299465e-01 
8.466982e-02 	 1.079603e+00 	 2.310413e-01 
8.524687e-02 	 1.085004e+00 	 2.321834e-01 
8.582787e-02 	 1.090277e+00 	 2.332627e-01 
8.641282e-02 	 1.095477e+00 	 2.343907e-01 
8.700176e-02 	 1.100534e+00 	 2.354566e-01 
8.759471e-02 	 1.105503e+00 	 2.365726e-01 
8.819170e-02 	 1.110318e+00 	 2.376281e-01 
8.879277e-02 	 1.115043e+00 	 2.387374e-01 
8.939792e-02 	 1.119613e+00 	 2.397897e-01 
9.000721e-02 	 1.124093e+00 	 2.409002e-01 
9.062064e-02 	 1.128420e+00 	 2.419577e-01 
9.123826e-02 	 1.132660e+00 	 2.430779e-01 
9.186009e-02 	 1.136750e+00 	 2.441492e-01 
9.248615e-02 	 1.140755e+00 	 2.452870e-01 
9.311648e-02 	 1.144605e+00 	 2.463779e-01 
9.375111e-02 	 1.148365e+00 	 2.475377e-01 
9.439006e-02 	 1.151967e+00 	 2.486525e-01 
9.503336e-02 	 1.155476e+00 	 2.498382e-01 
9.568106e-02 	 1.158824e+00 	 2.509807e-01 
9.633316e-02 	 1.162078e+00 	 2.521962e-01 
9.698971e-02 	 1.165169e+00 	 2.533699e-01 
9.765073e-02 	 1.168166e+00 	 2.546184e-01 
9.831626e-02 	 1.171001e+00 	 2.558267e-01 
9.898633e-02 	 1.173743e+00 	 2.571115e-01 
9.966096e-02 	 1.176326e+00 	 2.583575e-01 
1.003402e-01 	 1.178820e+00 	 2.596816e-01 
1.010241e-01 	 1.181155e+00 	 2.609676e-01 
1.017126e-01 	 1.183394e+00 	 2.623306e-01 
1.024058e-01 	 1.185464e+00 	 2.636528e-01 
1.031037e-01 	 1.187426e+00 	 2.650493e-01 
1.038064e-01 	 1.189206e+00 	 2.664017e-01 
1.045139e-01 	 1.190866e+00 	 2.678250e-01 
1.052262e-01 	 1.192334e+00 	 2.692004e-01 
1.059434e-01 	 1.193686e+00 	 2.706462e-01 
1.066654e-01 	 1.194873e+00 	 2.720490e-01 
1.073924e-01 	 1.195987e+00 	 2.735299e-01 
1.081243e-01 	 1.196982e+00 	 2.749763e-01 
1.088612e-01 	 1.197954e+00 	 2.765103e-01 
1.096031e-01 	 1.198862e+00 	 2.780201e-01 
1.103501e-01 	 1.199799e+00 	 2.796279e-01 
1.111022e-01 	 1.200692e+00 	 2.812136e-01 
1.118594e-01 	 1.201587e+00 	 2.828884e-01 
1.126218e-01 	 1.202396e+00 	 2.845285e-01 
1.133894e-01 	 1.203162e+00 	 2.862440e-01 
1.141621e-01 	 1.203793e+00 	 2.879097e-01 
1.149402e-01 	 1.204329e+00 	 2.896345e-01 
1.157236e-01 	 1.204686e+00 	 2.912944e-01 
1.165123e-01 	 1.204947e+00 	 2.930084e-01 
1.173064e-01 	 1.205069e+00 	 2.946626e-01 
1.181058e-01 	 1.205147e+00 	 2.963785e-01 
1.189108e-01 	 1.205142e+00 	 2.980435e-01 
1.197212e-01 	 1.205153e+00 	 2.997804e-01 
1.205372e-01 	 1.205147e+00 	 3.014781e-01 
1.213587e-01 	 1.205214e+00 	 3.032575e-01 
1.221858e-01 	 1.205288e+00 	 3.049996e-01 
1.230185e-01 	 1.205436e+00 	 3.068197e-01 
1.238569e-01 	 1.205592e+00 	 3.085984e-01 
1.247011e-01 	 1.205821e+00 	 3.104508e-01 
1.255510e-01 	 1.206058e+00 	 3.122576e-01 
1.264066e-01 	 1.206368e+00 	 3.141342e-01 
1.272682e-01 	 1.206690e+00 	 3.159627e-01 
1.281355e-01 	 1.207099e+00 	 3.178610e-01 
1.290088e-01 	 1.207537e+00 	 3.197126e-01 
1.298881e-01 	 1.208084e+00 	 3.216365e-01 
1.307733e-01 	 1.208683e+00 	 3.235168e-01 
1.316646e-01 	 1.209415e+00 	 3.254736e-01 
1.325619e-01 	 1.210223e+00 	 3.273915e-01 
1.334654e-01 	 1.211178e+00 	 3.293881e-01 
1.343750e-01 	 1.212208e+00 	 3.313440e-01 
1.352909e-01 	 1.213377e+00 	 3.333758e-01 
1.362129e-01 	 1.214613e+00 	 3.353635e-01 
1.371413e-01 	 1.215979e+00 	 3.374241e-01 
1.380759e-01 	 1.217401e+00 	 3.394373e-01 
1.390170e-01 	 1.218941e+00 	 3.415204e-01 
1.399644e-01 	 1.220527e+00 	 3.435528e-01 
1.409184e-01 	 1.222220e+00 	 3.456524e-01 
1.418788e-01 	 1.223945e+00 	 3.476979e-01 
1.428457e-01 	 1.225764e+00 	 3.498075e-01 
1.438193e-01 	 1.227600e+00 	 3.518591e-01 
1.447995e-01 	 1.229514e+00 	 3.539711e-01 
1.457863e-01 	 1.231428e+00 	 3.560207e-01 
1.467799e-01 	 1.233405e+00 	 3.581277e-01 
1.477803e-01 	 1.235370e+00 	 3.601692e-01 
1.487875e-01 	 1.237386e+00 	 3.622654e-01 
1.498015e-01 	 1.239375e+00 	 3.642926e-01 
1.508225e-01 	 1.241399e+00 	 3.663712e-01 
1.518504e-01 	 1.243380e+00 	 3.683762e-01 
1.528853e-01 	 1.245379e+00 	 3.704290e-01 
1.539273e-01 	 1.247322e+00 	 3.724050e-01 
1.549764e-01 	 1.249275e+00 	 3.744269e-01 
1.560326e-01 	 1.251159e+00 	 3.763694e-01 
1.570960e-01 	 1.253041e+00 	 3.783554e-01 
1.581667e-01 	 1.254841e+00 	 3.802587e-01 
1.592447e-01 	 1.256625e+00 	 3.822028e-01 
1.603300e-01 	 1.258314e+00 	 3.840603e-01 
1.614227e-01 	 1.259971e+00 	 3.859556e-01 
1.625229e-01 	 1.261518e+00 	 3.877604e-01 
1.636305e-01 	 1.263017e+00 	 3.895992e-01 
1.647457e-01 	 1.264388e+00 	 3.913426e-01 
1.658685e-01 	 1.265694e+00 	 3.931154e-01 
1.669990e-01 	 1.266852e+00 	 3.947873e-01 
1.681372e-01 	 1.267936e+00 	 3.964860e-01 
1.692831e-01 	 1.268873e+00 	 3.980841e-01 
1.704368e-01 	 1.269740e+00 	 3.997107e-01 
1.715984e-01 	 1.270468e+00 	 4.012378e-01 
1.727679e-01 	 1.271134e+00 	 4.027953e-01 
1.739454e-01 	 1.271669e+00 	 4.042544e-01 
1.751309e-01 	 1.272152e+00 	 4.057457e-01 
1.763245e-01 	 1.272513e+00 	 4.071391e-01 
1.775262e-01 	 1.272832e+00 	 4.085654e-01 
1.787361e-01 	 1.273039e+00 	 4.098940e-01 
1.799543e-01 	 1.273216e+00 	 4.112560e-01 
1.811808e-01 	 1.273295e+00 	 4.125207e-01 
1.824156e-01 	 1.273358e+00 	 4.138198e-01 
1.836588e-01 	 1.273336e+00 	 4.150216e-01 
1.849105e-01 	 1.273310e+00 	 4.162569e-01 
1.861708e-01 	 1.273206e+00 	 4.173928e-01 
1.874396e-01 	 1.273106e+00 	 4.185604e-01 
1.887171e-01 	 1.272937e+00 	 4.196268e-01 
1.900033e-01 	 1.272783e+00 	 4.207242e-01 
1.912982e-01 	 1.272571e+00 	 4.217196e-01 
1.926020e-01 	 1.272384e+00 	 4.227455e-01 
1.939146e-01 	 1.272149e+00 	 4.236682e-01 
1.952363e-01 	 1.271946e+00 	 4.246204e-01 
1.965669e-01 	 1.271703e+00 	 4.254684e-01 
1.979066e-01 	 1.271501e+00 	 4.263460e-01 
1.992554e-01 	 1.271270e+00 	 4.271193e-01 
2.006134e-01 	 1.271093e+00 	 4.279232e-01 
2.019806e-01 	 1.270896e+00 	 4.286232e-01 
2.033572e-01 	 1.270762e+00 	 4.293537e-01 
2.047432e-01 	 1.270615e+00 	 4.299798e-01 
2.061386e-01 	 1.270541e+00 	 4.306370e-01 
2.075435e-01 	 1.270464e+00 	 4.311901e-01 
2.089580e-01 	 1.270470e+00 	 4.317753e-01 
2.103821e-01 	 1.270486e+00 	 4.322575e-01 
2.118160e-01 	 1.270588e+00 	 4.327710e-01 
2.132596e-01 	 1.270697e+00 	 4.331778e-01 
2.147130e-01 	 1.270887e+00 	 4.336126e-01 
2.161764e-01 	 1.271077e+00 	 4.339370e-01 
2.176497e-01 	 1.271344e+00 	 4.342868e-01 
2.191331e-01 	 1.271605e+00 	 4.345237e-01 
2.206266e-01 	 1.271937e+00 	 4.347845e-01 
2.221302e-01 	 1.272258e+00 	 4.349309e-01 
2.236441e-01 	 1.272644e+00 	 4.351011e-01 
2.251684e-01 	 1.273014e+00 	 4.351567e-01 
2.267030e-01 	 1.273444e+00 	 4.352369e-01 
2.282481e-01 	 1.273851e+00 	 4.352030e-01 
2.298037e-01 	 1.274314e+00 	 4.351948e-01 
2.313699e-01 	 1.274747e+00 	 4.350731e-01 
2.329467e-01 	 1.275229e+00 	 4.349785e-01 
2.345344e-01 	 1.275676e+00 	 4.347709e-01 
2.361328e-01 	 1.276167e+00 	 4.345913e-01 
2.377422e-01 	 1.276615e+00 	 4.342988e-01 
2.393625e-01 	 1.277101e+00 	 4.340347e-01 
2.409938e-01 	 1.277537e+00 	 4.336573e-01 
2.426363e-01 	 1.278004e+00 	 4.333086e-01 
2.442900e-01 	 1.278416e+00 	 4.328469e-01 
2.459549e-01 	 1.278854e+00 	 4.324154e-01 
2.476312e-01 	 1.279232e+00 	 4.318720e-01 
2.493189e-01 	 1.279632e+00 	 4.313612e-01 
2.510181e-01 	 1.279967e+00 	 4.307408e-01 
2.527289e-01 	 1.280318e+00 	 4.301563e-01 
2.544513e-01 	 1.280600e+00 	 4.294654e-01 
2.561855e-01 	 1.280892e+00 	 4.288142e-01 
2.579315e-01 	 1.281108e+00 	 4.280597e-01 
2.596894e-01 	 1.281328e+00 	 4.273487e-01 
2.614593e-01 	 1.281465e+00 	 4.265370e-01 
2.632413e-01 	 1.281600e+00 	 4.257714e-01 
2.650354e-01 	 1.281645e+00 	 4.249065e-01 
2.668417e-01 	 1.281685e+00 	 4.240900e-01 
2.686603e-01 	 1.281634e+00 	 4.231762e-01 
2.704914e-01 	 1.281580e+00 	 4.223127e-01 
2.723349e-01 	 1.281438e+00 	 4.213529e-01 
2.741909e-01 	 1.281294e+00 	 4.204449e-01 
2.760597e-01 	 1.281065e+00 	 4.194415e-01 
2.779411e-01 	 1.280839e+00 	 4.184915e-01 
2.798354e-01 	 1.280528e+00 	 4.174474e-01 
2.817426e-01 	 1.280221e+00 	 4.164588e-01 
2.836628e-01 	 1.279833e+00 	 4.153785e-01 
2.855961e-01 	 1.279451e+00 	 4.143574e-01 
2.875425e-01 	 1.278991e+00 	 4.132486e-01 
2.895022e-01 	 1.278543e+00 	 4.122040e-01 
2.914753e-01 	 1.278021e+00 	 4.110755e-01 
2.934618e-01 	 1.277512e+00 	 4.100141e-01 
2.954619e-01 	 1.276931e+00 	 4.088701e-01 
2.974756e-01 	 1.276364e+00 	 4.077936e-01 
2.995030e-01 	 1.275726e+00 	 4.066331e-01 
3.015442e-01 	 1.275106e+00 	 4.055383e-01 
3.035994e-01 	 1.274416e+00 	 4.043560e-01 
3.056685e-01 	 1.273746e+00 	 4.032356e-01 
3.077518e-01 	 1.273008e+00 	 4.020231e-01 
3.098492e-01 	 1.272291e+00 	 4.008687e-01 
3.119610e-01 	 1.271508e+00 	 3.996191e-01 
3.140871e-01 	 1.270749e+00 	 3.984262e-01 
3.162278e-01 	 1.269928e+00 	 3.971380e-01 
3.183830e-01 	 1.269135e+00 	 3.959085e-01 
3.205529e-01 	 1.268283e+00 	 3.945855e-01 
3.227376e-01 	 1.267461e+00 	 3.933234e-01 
3.249372e-01 	 1.266581e+00 	 3.919698e-01 
3.271518e-01 	 1.265733e+00 	 3.906790e-01 
3.293814e-01 	 1.264828e+00 	 3.892975e-01 
3.316263e-01 	 1.263957e+00 	 3.879793e-01 
3.338865e-01 	 1.263031e+00 	 3.865691e-01 
3.361620e-01 	 1.262139e+00 	 3.852200e-01 
3.384531e-01 	 1.261190e+00 	 3.837754e-01 
3.407598e-01 	 1.260275e+00 	 3.823891e-01 
3.430822e-01 	 1.259300e+00 	 3.809043e-01 
3.454205e-01 	 1.258359e+00 	 3.794764e-01 
3.477747e-01 	 1.257361e+00 	 3.779492e-01 
3.501449e-01 	 1.256394e+00 	 3.764784e-01 
3.525313e-01 	 1.255362e+00 	 3.749060e-01 
3.549339e-01 	 1.254351e+00 	 3.733868e-01 
3.573529e-01 	 1.253262e+00 	 3.717613e-01 
3.597884e-01 	 1.252181e+00 	 3.701836e-01 
3.622405e-01 	 1.251009e+00 	 3.684926e-01 
3.647094e-01 	 1.249829e+00 	 3.668413e-01 
3.671950e-01 	 1.248546e+00 	 3.650682e-01 
3.696976e-01 	 1.247249e+00 	 3.633286e-01 
3.722172e-01 	 1.245845e+00 	 3.614614e-01 
3.747540e-01 	 1.244425e+00 	 3.596228e-01 
3.773081e-01 	 1.242893e+00 	 3.576519e-01 
3.798796e-01 	 1.241341e+00 	 3.557056e-01 
3.824687e-01 	 1.239677e+00 	 3.536240e-01 
3.850754e-01 	 1.238025e+00 	 3.515732e-01 
3.876998e-01 	 1.236339e+00 	 3.494047e-01 
3.903421e-01 	 1.234761e+00 	 3.472893e-01 
3.930025e-01 	 1.233255e+00 	 3.450794e-01 
3.956809e-01 	 1.231972e+00 	 3.429488e-01 
3.983777e-01 	 1.230885e+00 	 3.407530e-01 
4.010928e-01 	 1.230131e+00 	 3.386634e-01 
4.038264e-01 	 1.229555e+00 	 3.365030e-01 
4.065786e-01 	 1.229158e+00 	 3.344109e-01 
4.093496e-01 	 1.228749e+00 	 3.322041e-01 
4.121395e-01 	 1.228314e+00 	 3.300222e-01 
4.149484e-01 	 1.227643e+00 	 3.276794e-01 
4.177764e-01 	 1.226705e+00 	 3.253113e-01 
4.206238e-01 	 1.225332e+00 	 3.227422e-01 
4.234905e-01 	 1.223672e+00 	 3.201526e-01 
4.263767e-01 	 1.221700e+00 	 3.173988e-01 
4.292827e-01 	 1.219586e+00 	 3.146626e-01 
4.322084e-01 	 1.217314e+00 	 3.117985e-01 
4.351541e-01 	 1.215064e+00 	 3.089884e-01 
4.381198e-01 	 1.212830e+00 	 3.060884e-01 
4.411058e-01 	 1.210744e+00 	 3.032687e-01 
4.441121e-01 	 1.208686e+00 	 3.003577e-01 
4.471389e-01 	 1.206725e+00 	 2.975107e-01 
4.501864e-01 	 1.204732e+00 	 2.945558e-01 
4.532546e-01 	 1.202773e+00 	 2.916480e-01 
4.563437e-01 	 1.200716e+00 	 2.886140e-01 
4.594538e-01 	 1.198627e+00 	 2.856086e-01 
4.625852e-01 	 1.196410e+00 	 2.824673e-01 
4.657379e-01 	 1.194187e+00 	 2.793602e-01 
4.689121e-01 	 1.191889e+00 	 2.761307e-01 
4.721079e-01 	 1.189645e+00 	 2.729522e-01 
4.753255e-01 	 1.187390e+00 	 2.696707e-01 
4.785651e-01 	 1.185258e+00 	 2.664613e-01 
4.818267e-01 	 1.183182e+00 	 2.631673e-01 
4.851105e-01 	 1.181242e+00 	 2.599488e-01 
4.884168e-01 	 1.179308e+00 	 2.566314e-01 
4.917455e-01 	 1.177440e+00 	 2.533688e-01 
4.950970e-01 	 1.175502e+00 	 2.499857e-01 
4.984713e-01 	 1.173552e+00 	 2.466376e-01 
5.018685e-01 	 1.171450e+00 	 2.431528e-01 
5.052890e-01 	 1.169263e+00 	 2.396950e-01 
5.087327e-01 	 1.166909e+00 	 2.361088e-01 
5.121999e-01 	 1.164507e+00 	 2.325703e-01 
5.156908e-01 	 1.161985e+00 	 2.289241e-01 
5.192054e-01 	 1.159465e+00 	 2.253418e-01 
5.227440e-01 	 1.156876e+00 	 2.216622e-01 
5.263067e-01 	 1.154343e+00 	 2.180513e-01 
5.298937e-01 	 1.151787e+00 	 2.143427e-01 
5.335052e-01 	 1.149315e+00 	 2.106978e-01 
5.371412e-01 	 1.146834e+00 	 2.069501e-01 
5.408021e-01 	 1.144451e+00 	 2.032652e-01 
5.444879e-01 	 1.142078e+00 	 1.994820e-01 
5.481988e-01 	 1.139824e+00 	 1.957709e-01 
5.519350e-01 	 1.137603e+00 	 1.919738e-01 
5.556966e-01 	 1.135487e+00 	 1.882574e-01 
5.594839e-01 	 1.133322e+00 	 1.844547e-01 
5.632970e-01 	 1.131146e+00 	 1.807280e-01 
5.671361e-01 	 1.128793e+00 	 1.769091e-01 
5.710014e-01 	 1.126291e+00 	 1.731567e-01 
5.748930e-01 	 1.123464e+00 	 1.692954e-01 
5.788111e-01 	 1.120339e+00 	 1.654761e-01 
5.827560e-01 	 1.116863e+00 	 1.615329e-01 
5.867277e-01 	 1.113234e+00 	 1.576321e-01 
5.907265e-01 	 1.109459e+00 	 1.536097e-01 
5.947525e-01 	 1.105746e+00 	 1.496299e-01 
5.988060e-01 	 1.102115e+00 	 1.455321e-01 
6.028871e-01 	 1.098788e+00 	 1.414855e-01 
6.069960e-01 	 1.095769e+00 	 1.373327e-01 
6.111329e-01 	 1.093115e+00 	 1.332273e-01 
6.152981e-01 	 1.090659e+00 	 1.289974e-01 
6.194916e-01 	 1.088422e+00 	 1.247995e-01 
6.237137e-01 	 1.086231e+00 	 1.204681e-01 
6.279645e-01 	 1.084101e+00 	 1.161630e-01 
6.322443e-01 	 1.081849e+00 	 1.117205e-01 
6.365534e-01 	 1.079512e+00 	 1.073037e-01 
6.408917e-01 	 1.077006e+00 	 1.027595e-01 
6.452597e-01 	 1.074447e+00 	 9.825831e-02 
6.496574e-01 	 1.071759e+00 	 9.364789e-02 
6.540850e-01 	 1.069058e+00 	 8.909858e-02 
6.585429e-01 	 1.066273e+00 	 8.445671e-02 
6.630311e-01 	 1.063522e+00 	 7.988687e-02 
6.675500e-01 	 1.060720e+00 	 7.522632e-02 
6.720996e-01 	 1.057960e+00 	 7.062890e-02 
6.766802e-01 	 1.055145e+00 	 6.592739e-02 
6.812921e-01 	 1.052368e+00 	 6.127906e-02 
6.859354e-01 	 1.049532e+00 	 5.652813e-02 
6.906103e-01 	 1.046731e+00 	 5.184531e-02 
6.953171e-01 	 1.043870e+00 	 4.708547e-02 
7.000559e-01 	 1.041043e+00 	 4.242049e-02 
7.048271e-01 	 1.038152e+00 	 3.769825e-02 
7.096308e-01 	 1.035289e+00 	 3.307775e-02 
7.144672e-01 	 1.032356e+00 	 2.839569e-02 
7.193366e-01 	 1.029445e+00 	 2.380376e-02 
7.242392e-01 	 1.026461e+00 	 1.913783e-02 
7.291751e-01 	 1.023494e+00 	 1.455158e-02 
7.341448e-01 	 1.020453e+00 	 9.885507e-03 
7.391483e-01 	 1.017434e+00 	 5.296510e-03 
7.441859e-01 	 1.014345e+00 	 6.273336e-04 
7.492578e-01 	 1.011283e+00 	 -3.967430e-03 
7.543643e-01 	 1.008155e+00 	 -8.649806e-03 
7.595056e-01 	 1.005058e+00 	 -1.327218e-02 
7.646819e-01 	 1.001900e+00 	 -1.799898e-02 
7.698935e-01 	 9.987831e-01 	 -2.267958e-02 
7.751407e-01 	 9.956238e-01 	 -2.746800e-02 
7.804236e-01 	 9.925254e-01 	 -3.220242e-02 
7.857425e-01 	 9.894064e-01 	 -3.702769e-02 
7.910976e-01 	 9.863702e-01 	 -4.178051e-02 
7.964893e-01 	 9.833377e-01 	 -4.660876e-02 
8.019177e-01 	 9.804009e-01 	 -5.135451e-02 
8.073831e-01 	 9.774464e-01 	 -5.616632e-02 
8.128857e-01 	 9.745426e-01 	 -6.088541e-02 
8.184259e-01 	 9.715743e-01 	 -6.565996e-02 
8.240038e-01 	 9.686074e-01 	 -7.033555e-02 
8.296197e-01 	 9.655238e-01 	 -7.506582e-02 
8.352739e-01 	 9.623876e-01 	 -7.969982e-02 
8.409666e-01 	 9.591001e-01 	 -8.438879e-02 
8.466982e-01 	 9.557624e-01 	 -8.897877e-02 
8.524687e-01 	 9.522956e-01 	 -9.361856e-02 
8.582787e-01 	 9.488029e-01 	 -9.815763e-02 
8.641282e-01 	 9.452061e-01 	 -1.027510e-01 
8.700176e-01 	 9.416048e-01 	 -1.072562e-01 
8.759471e-01 	 9.379157e-01 	 -1.118340e-01 
8.819170e-01 	 9.342384e-01 	 -1.163457e-01 
8.879277e-01 	 9.304973e-01 	 -1.209457e-01 
8.939792e-01 	 9.267992e-01 	 -1.254798e-01 
9.000721e-01 	 9.230757e-01 	 -1.300831e-01 
9.062064e-01 	 9.194372e-01 	 -1.345976e-01 
9.123826e-01 	 9.158166e-01 	 -1.391741e-01 
9.186009e-01 	 9.123171e-01 	 -1.436795e-01 
9.248615e-01 	 9.088348e-01 	 -1.482711e-01 
9.311648e-01 	 9.054379e-01 	 -1.528028e-01 
9.375111e-01 	 9.020214e-01 	 -1.574128e-01 
9.439006e-01 	 8.986559e-01 	 -1.619496e-01 
9.503336e-01 	 8.952337e-01 	 -1.665603e-01 
9.568106e-01 	 8.918179e-01 	 -1.711024e-01 
9.633316e-01 	 8.883073e-01 	 -1.757144e-01 
9.698971e-01 	 8.847990e-01 	 -1.802354e-01 
9.765073e-01 	 8.812177e-01 	 -1.847852e-01 
9.831626e-01 	 8.776576e-01 	 -1.891992e-01 
9.898633e-01 	 8.740376e-01 	 -1.936099e-01 
9.966096e-01 	 8.704482e-01 	 -1.978747e-01 
