1.018152e-06 	 1.265251e+01 	 7.404223e+00 	 5.226510e-01 	 -3.789898e-13 
1.055450e-06 	 1.308860e+01 	 7.659423e+00 	 5.406652e-01 	 -4.173890e-13 
1.094114e-06 	 1.353973e+01 	 7.923420e+00 	 5.593002e-01 	 -4.606057e-13 
1.134194e-06 	 1.400640e+01 	 8.196515e+00 	 5.785775e-01 	 -5.061556e-13 
1.175743e-06 	 1.448915e+01 	 8.479023e+00 	 5.985193e-01 	 -5.609491e-13 
1.218814e-06 	 1.498855e+01 	 8.771268e+00 	 6.191484e-01 	 -6.185579e-13 
1.263463e-06 	 1.550516e+01 	 9.073586e+00 	 6.404885e-01 	 -6.848121e-13 
1.309747e-06 	 1.603957e+01 	 9.386324e+00 	 6.625641e-01 	 -7.509357e-13 
1.357727e-06 	 1.659241e+01 	 9.709842e+00 	 6.854006e-01 	 -8.328477e-13 
1.407465e-06 	 1.716429e+01 	 1.004451e+01 	 7.090242e-01 	 -9.228536e-13 
1.459024e-06 	 1.775589e+01 	 1.039071e+01 	 7.334620e-01 	 -1.017876e-12 
1.512473e-06 	 1.836788e+01 	 1.074885e+01 	 7.587422e-01 	 -1.124095e-12 
1.567879e-06 	 1.900097e+01 	 1.111933e+01 	 7.848936e-01 	 -1.247611e-12 
1.625315e-06 	 1.965587e+01 	 1.150257e+01 	 8.119464e-01 	 -1.382379e-12 
1.684855e-06 	 2.033335e+01 	 1.189903e+01 	 8.399317e-01 	 -1.527623e-12 
1.746576e-06 	 2.103417e+01 	 1.230915e+01 	 8.688815e-01 	 -1.691099e-12 
1.810558e-06 	 2.175915e+01 	 1.273341e+01 	 8.988291e-01 	 -1.872292e-12 
1.876884e-06 	 2.250912e+01 	 1.317229e+01 	 9.298089e-01 	 -2.075040e-12 
1.945640e-06 	 2.328494e+01 	 1.362630e+01 	 9.618565e-01 	 -2.299528e-12 
2.016915e-06 	 2.408750e+01 	 1.409596e+01 	 9.950087e-01 	 -2.549784e-12 
2.090800e-06 	 2.491772e+01 	 1.458180e+01 	 1.029303e+00 	 -2.831135e-12 
2.167392e-06 	 2.577656e+01 	 1.508439e+01 	 1.064780e+00 	 -3.132606e-12 
2.246790e-06 	 2.666499e+01 	 1.560430e+01 	 1.101480e+00 	 -3.475923e-12 
2.329097e-06 	 2.758405e+01 	 1.614213e+01 	 1.139445e+00 	 -3.861369e-12 
2.414418e-06 	 2.853479e+01 	 1.669850e+01 	 1.178718e+00 	 -4.281412e-12 
2.502865e-06 	 2.951829e+01 	 1.727404e+01 	 1.219344e+00 	 -4.748186e-12 
2.594553e-06 	 3.053570e+01 	 1.786943e+01 	 1.261371e+00 	 -5.272589e-12 
2.689599e-06 	 3.158817e+01 	 1.848533e+01 	 1.304847e+00 	 -5.849382e-12 
2.788127e-06 	 3.267691e+01 	 1.912246e+01 	 1.349821e+00 	 -6.490597e-12 
2.890264e-06 	 3.380318e+01 	 1.978155e+01 	 1.396345e+00 	 -7.206632e-12 
2.996143e-06 	 3.496827e+01 	 2.046336e+01 	 1.444472e+00 	 -7.998752e-12 
3.105900e-06 	 3.617352e+01 	 2.116867e+01 	 1.494259e+00 	 -8.881152e-12 
3.219678e-06 	 3.742030e+01 	 2.189828e+01 	 1.545761e+00 	 -9.867466e-12 
3.337625e-06 	 3.871006e+01 	 2.265305e+01 	 1.599039e+00 	 -1.095539e-11 
3.459892e-06 	 4.004428e+01 	 2.343383e+01 	 1.654153e+00 	 -1.215884e-11 
3.586638e-06 	 4.142448e+01 	 2.424152e+01 	 1.711166e+00 	 -1.350264e-11 
3.718027e-06 	 4.285225e+01 	 2.507705e+01 	 1.770145e+00 	 -1.500588e-11 
3.854229e-06 	 4.432923e+01 	 2.594138e+01 	 1.831156e+00 	 -1.666443e-11 
3.995421e-06 	 4.585712e+01 	 2.683549e+01 	 1.894270e+00 	 -1.850839e-11 
4.141785e-06 	 4.743767e+01 	 2.776043e+01 	 1.959560e+00 	 -2.056180e-11 
4.293510e-06 	 4.907270e+01 	 2.871724e+01 	 2.027100e+00 	 -2.284492e-11 
4.450794e-06 	 5.076408e+01 	 2.970704e+01 	 2.096967e+00 	 -2.538110e-11 
4.613840e-06 	 5.251376e+01 	 3.073095e+01 	 2.169243e+00 	 -2.820264e-11 
4.782858e-06 	 5.432375e+01 	 3.179014e+01 	 2.244010e+00 	 -3.133773e-11 
4.958068e-06 	 5.619612e+01 	 3.288585e+01 	 2.321354e+00 	 -3.481288e-11 
5.139697e-06 	 5.813302e+01 	 3.401932e+01 	 2.401364e+00 	 -3.868664e-11 
5.327979e-06 	 6.013668e+01 	 3.519186e+01 	 2.484131e+00 	 -4.297646e-11 
5.523158e-06 	 6.220940e+01 	 3.640481e+01 	 2.569752e+00 	 -4.776491e-11 
5.725488e-06 	 6.435357e+01 	 3.765957e+01 	 2.658323e+00 	 -5.307254e-11 
5.935229e-06 	 6.657163e+01 	 3.895758e+01 	 2.749947e+00 	 -5.898459e-11 
6.152654e-06 	 6.886615e+01 	 4.030033e+01 	 2.844729e+00 	 -6.554279e-11 
6.378044e-06 	 7.123975e+01 	 4.168935e+01 	 2.942778e+00 	 -7.284625e-11 
6.611690e-06 	 7.369516e+01 	 4.312625e+01 	 3.044206e+00 	 -8.095642e-11 
6.853896e-06 	 7.623520e+01 	 4.461268e+01 	 3.149130e+00 	 -8.995496e-11 
7.104974e-06 	 7.886279e+01 	 4.615034e+01 	 3.257671e+00 	 -9.998473e-11 
7.365250e-06 	 8.158094e+01 	 4.774100e+01 	 3.369953e+00 	 -1.111123e-10 
7.635061e-06 	 8.439278e+01 	 4.938648e+01 	 3.486104e+00 	 -1.235112e-10 
7.914755e-06 	 8.730153e+01 	 5.108868e+01 	 3.606259e+00 	 -1.372662e-10 
8.204696e-06 	 9.031054e+01 	 5.284954e+01 	 3.730556e+00 	 -1.525514e-10 
8.505258e-06 	 9.342326e+01 	 5.467110e+01 	 3.859136e+00 	 -1.695774e-10 
8.816831e-06 	 9.664327e+01 	 5.655544e+01 	 3.992149e+00 	 -1.884736e-10 
9.139817e-06 	 9.997426e+01 	 5.850473e+01 	 4.129746e+00 	 -2.094921e-10 
9.474635e-06 	 1.034201e+02 	 6.052120e+01 	 4.272085e+00 	 -2.328474e-10 
9.821719e-06 	 1.069846e+02 	 6.260718e+01 	 4.419330e+00 	 -2.588123e-10 
1.018152e-05 	 1.106720e+02 	 6.476505e+01 	 4.571651e+00 	 -2.876690e-10 
1.055450e-05 	 1.144866e+02 	 6.699730e+01 	 4.729221e+00 	 -3.197507e-10 
1.094114e-05 	 1.184326e+02 	 6.930649e+01 	 4.892223e+00 	 -3.554170e-10 
1.134194e-05 	 1.225146e+02 	 7.169526e+01 	 5.060842e+00 	 -3.950686e-10 
1.175743e-05 	 1.267372e+02 	 7.416637e+01 	 5.235273e+00 	 -4.391352e-10 
1.218814e-05 	 1.311055e+02 	 7.672266e+01 	 5.415717e+00 	 -4.881187e-10 
1.263463e-05 	 1.356243e+02 	 7.936704e+01 	 5.602380e+00 	 -5.425565e-10 
1.309747e-05 	 1.402988e+02 	 8.210258e+01 	 5.795476e+00 	 -6.031151e-10 
1.357727e-05 	 1.451345e+02 	 8.493239e+01 	 5.995228e+00 	 -6.703844e-10 
1.407465e-05 	 1.501368e+02 	 8.785975e+01 	 6.201865e+00 	 -7.451541e-10 
1.459024e-05 	 1.553115e+02 	 9.088800e+01 	 6.415623e+00 	 -8.283351e-10 
1.512473e-05 	 1.606646e+02 	 9.402062e+01 	 6.636750e+00 	 -9.207580e-10 
1.567879e-05 	 1.662023e+02 	 9.726122e+01 	 6.865498e+00 	 -1.023502e-09 
1.625315e-05 	 1.719307e+02 	 1.006135e+02 	 7.102130e+00 	 -1.137745e-09 
1.684855e-05 	 1.778566e+02 	 1.040813e+02 	 7.346918e+00 	 -1.264724e-09 
1.746576e-05 	 1.839868e+02 	 1.076687e+02 	 7.600143e+00 	 -1.405858e-09 
1.810558e-05 	 1.903282e+02 	 1.113797e+02 	 7.862096e+00 	 -1.562764e-09 
1.876884e-05 	 1.968883e+02 	 1.152186e+02 	 8.133078e+00 	 -1.737169e-09 
1.945640e-05 	 2.036744e+02 	 1.191898e+02 	 8.413399e+00 	 -1.931068e-09 
2.016915e-05 	 2.106944e+02 	 1.232979e+02 	 8.703383e+00 	 -2.146593e-09 
2.090800e-05 	 2.179564e+02 	 1.275476e+02 	 9.003361e+00 	 -2.386198e-09 
2.167392e-05 	 2.254686e+02 	 1.319438e+02 	 9.313679e+00 	 -2.652548e-09 
2.246790e-05 	 2.332398e+02 	 1.364915e+02 	 9.634692e+00 	 -2.948603e-09 
2.329097e-05 	 2.412789e+02 	 1.411959e+02 	 9.966770e+00 	 -3.277723e-09 
2.414418e-05 	 2.495950e+02 	 1.460625e+02 	 1.031029e+01 	 -3.643606e-09 
2.502865e-05 	 2.581978e+02 	 1.510968e+02 	 1.066566e+01 	 -4.050323e-09 
2.594553e-05 	 2.670970e+02 	 1.563046e+02 	 1.103327e+01 	 -4.502437e-09 
2.689599e-05 	 2.763030e+02 	 1.616920e+02 	 1.141355e+01 	 -5.005036e-09 
2.788127e-05 	 2.858263e+02 	 1.672650e+02 	 1.180694e+01 	 -5.563813e-09 
2.890264e-05 	 2.956779e+02 	 1.730301e+02 	 1.221389e+01 	 -6.184792e-09 
2.996143e-05 	 3.058689e+02 	 1.789939e+02 	 1.263486e+01 	 -6.875281e-09 
3.105900e-05 	 3.164113e+02 	 1.851632e+02 	 1.307035e+01 	 -7.642739e-09 
3.219678e-05 	 3.273170e+02 	 1.915452e+02 	 1.352084e+01 	 -8.495954e-09 
3.337625e-05 	 3.385986e+02 	 1.981472e+02 	 1.398686e+01 	 -9.444410e-09 
3.459892e-05 	 3.502690e+02 	 2.049767e+02 	 1.446894e+01 	 -1.049875e-08 
3.586638e-05 	 3.623417e+02 	 2.120416e+02 	 1.496764e+01 	 -1.167075e-08 
3.718027e-05 	 3.748305e+02 	 2.193500e+02 	 1.548353e+01 	 -1.297368e-08 
3.854229e-05 	 3.877497e+02 	 2.269103e+02 	 1.601720e+01 	 -1.442194e-08 
3.995421e-05 	 4.011142e+02 	 2.347312e+02 	 1.656926e+01 	 -1.603201e-08 
4.141785e-05 	 4.149393e+02 	 2.428216e+02 	 1.714035e+01 	 -1.782184e-08 
4.293510e-05 	 4.292410e+02 	 2.511909e+02 	 1.773113e+01 	 -1.981141e-08 
4.450794e-05 	 4.440356e+02 	 2.598487e+02 	 1.834226e+01 	 -2.202310e-08 
4.613840e-05 	 4.593401e+02 	 2.688049e+02 	 1.897446e+01 	 -2.448172e-08 
4.782858e-05 	 4.751721e+02 	 2.780697e+02 	 1.962845e+01 	 -2.721499e-08 
4.958068e-05 	 4.915498e+02 	 2.876539e+02 	 2.030498e+01 	 -3.025324e-08 
5.139697e-05 	 5.084920e+02 	 2.975685e+02 	 2.100483e+01 	 -3.363084e-08 
5.327979e-05 	 5.260181e+02 	 3.078247e+02 	 2.172880e+01 	 -3.738531e-08 
5.523158e-05 	 5.441483e+02 	 3.184345e+02 	 2.247773e+01 	 -4.155899e-08 
5.725488e-05 	 5.629034e+02 	 3.294099e+02 	 2.325246e+01 	 -4.619884e-08 
5.935229e-05 	 5.823049e+02 	 3.407636e+02 	 2.405390e+01 	 -5.135666e-08 
6.152654e-05 	 6.023751e+02 	 3.525087e+02 	 2.488296e+01 	 -5.709023e-08 
6.378044e-05 	 6.231371e+02 	 3.646585e+02 	 2.574060e+01 	 -6.346392e-08 
6.611690e-05 	 6.446147e+02 	 3.772272e+02 	 2.662780e+01 	 -7.054921e-08 
6.853896e-05 	 6.668325e+02 	 3.902290e+02 	 2.754558e+01 	 -7.842554e-08 
7.104974e-05 	 6.898161e+02 	 4.036790e+02 	 2.849498e+01 	 -8.718133e-08 
7.365250e-05 	 7.135919e+02 	 4.175925e+02 	 2.947712e+01 	 -9.691462e-08 
7.635061e-05 	 7.381872e+02 	 4.319856e+02 	 3.049310e+01 	 -1.077344e-07 
7.914755e-05 	 7.636302e+02 	 4.468748e+02 	 3.154410e+01 	 -1.197623e-07 
8.204696e-05 	 7.899501e+02 	 4.622772e+02 	 3.263133e+01 	 -1.331331e-07 
8.505258e-05 	 8.171772e+02 	 4.782104e+02 	 3.375603e+01 	 -1.479966e-07 
8.816831e-05 	 8.453427e+02 	 4.946928e+02 	 3.491949e+01 	 -1.645197e-07 
9.139817e-05 	 8.744790e+02 	 5.117433e+02 	 3.612306e+01 	 -1.828875e-07 
9.474635e-05 	 9.046196e+02 	 5.293815e+02 	 3.736810e+01 	 -2.033058e-07 
9.821719e-05 	 9.357990e+02 	 5.476276e+02 	 3.865606e+01 	 -2.260039e-07 
1.018152e-04 	 9.680530e+02 	 5.665026e+02 	 3.998842e+01 	 -2.512362e-07 
1.055450e-04 	 1.001419e+03 	 5.860282e+02 	 4.136669e+01 	 -2.792852e-07 
1.094114e-04 	 1.035935e+03 	 6.062267e+02 	 4.279247e+01 	 -3.104662e-07 
1.134194e-04 	 1.071640e+03 	 6.271215e+02 	 4.426739e+01 	 -3.451282e-07 
1.175743e-04 	 1.108576e+03 	 6.487364e+02 	 4.579315e+01 	 -3.836601e-07 
1.218814e-04 	 1.146785e+03 	 6.710963e+02 	 4.737150e+01 	 -4.264939e-07 
1.263463e-04 	 1.186311e+03 	 6.942269e+02 	 4.900424e+01 	 -4.741100e-07 
1.309747e-04 	 1.227200e+03 	 7.181547e+02 	 5.069326e+01 	 -5.270421e-07 
1.357727e-04 	 1.269497e+03 	 7.429072e+02 	 5.244050e+01 	 -5.858842e-07 
1.407465e-04 	 1.313253e+03 	 7.685129e+02 	 5.424796e+01 	 -6.512956e-07 
1.459024e-04 	 1.358517e+03 	 7.950011e+02 	 5.611772e+01 	 -7.240096e-07 
1.512473e-04 	 1.405340e+03 	 8.224023e+02 	 5.805192e+01 	 -8.048421e-07 
1.567879e-04 	 1.453778e+03 	 8.507479e+02 	 6.005278e+01 	 -8.946990e-07 
1.625315e-04 	 1.503885e+03 	 8.800705e+02 	 6.212261e+01 	 -9.945885e-07 
1.684855e-04 	 1.555719e+03 	 9.104038e+02 	 6.426378e+01 	 -1.105630e-06 
1.746576e-04 	 1.609340e+03 	 9.417825e+02 	 6.647875e+01 	 -1.229069e-06 
1.810558e-04 	 1.664809e+03 	 9.742428e+02 	 6.877006e+01 	 -1.366289e-06 
1.876884e-04 	 1.722190e+03 	 1.007822e+03 	 7.114035e+01 	 -1.518830e-06 
1.945640e-04 	 1.781548e+03 	 1.042558e+03 	 7.359233e+01 	 -1.688400e-06 
2.016915e-04 	 1.842953e+03 	 1.078492e+03 	 7.612883e+01 	 -1.876903e-06 
2.090800e-04 	 1.906474e+03 	 1.115664e+03 	 7.875274e+01 	 -2.086452e-06 
2.167392e-04 	 1.972184e+03 	 1.154118e+03 	 8.146710e+01 	 -2.319396e-06 
2.246790e-04 	 2.040159e+03 	 1.193896e+03 	 8.427501e+01 	 -2.578346e-06 
2.329097e-04 	 2.110476e+03 	 1.235046e+03 	 8.717970e+01 	 -2.866208e-06 
2.414418e-04 	 2.183218e+03 	 1.277614e+03 	 9.018451e+01 	 -3.186208e-06 
2.502865e-04 	 2.258467e+03 	 1.321650e+03 	 9.329288e+01 	 -3.541936e-06 
2.594553e-04 	 2.336309e+03 	 1.367203e+03 	 9.650839e+01 	 -3.937378e-06 
2.689599e-04 	 2.416834e+03 	 1.414326e+03 	 9.983473e+01 	 -4.376970e-06 
2.788127e-04 	 2.500135e+03 	 1.463073e+03 	 1.032757e+02 	 -4.865641e-06 
2.890264e-04 	 2.586307e+03 	 1.513501e+03 	 1.068353e+02 	 -5.408871e-06 
2.996143e-04 	 2.675448e+03 	 1.565666e+03 	 1.105176e+02 	 -6.012749e-06 
3.105900e-04 	 2.767663e+03 	 1.619630e+03 	 1.143267e+02 	 -6.684048e-06 
3.219678e-04 	 2.863055e+03 	 1.675454e+03 	 1.182672e+02 	 -7.430296e-06 
3.337625e-04 	 2.961736e+03 	 1.733201e+03 	 1.223435e+02 	 -8.259858e-06 
3.459892e-04 	 3.063817e+03 	 1.792939e+03 	 1.265603e+02 	 -9.182038e-06 
3.586638e-04 	 3.169418e+03 	 1.854736e+03 	 1.309224e+02 	 -1.020718e-05 
3.718027e-04 	 3.278657e+03 	 1.918663e+03 	 1.354349e+02 	 -1.134676e-05 
3.854229e-04 	 3.391662e+03 	 1.984793e+03 	 1.401029e+02 	 -1.261359e-05 
3.995421e-04 	 3.508562e+03 	 2.053203e+03 	 1.449318e+02 	 -1.402184e-05 
4.141785e-04 	 3.629491e+03 	 2.123970e+03 	 1.499271e+02 	 -1.558732e-05 
4.293510e-04 	 3.754589e+03 	 2.197176e+03 	 1.550946e+02 	 -1.732758e-05 
4.450794e-04 	 3.883997e+03 	 2.272906e+03 	 1.604402e+02 	 -1.926214e-05 
4.613840e-04 	 4.017867e+03 	 2.351246e+03 	 1.659700e+02 	 -2.141268e-05 
4.782858e-04 	 4.156350e+03 	 2.432286e+03 	 1.716905e+02 	 -2.380332e-05 
4.958068e-04 	 4.299606e+03 	 2.516119e+03 	 1.776081e+02 	 -2.646086e-05 
5.139697e-04 	 4.447800e+03 	 2.602842e+03 	 1.837296e+02 	 -2.941510e-05 
5.327979e-04 	 4.601101e+03 	 2.692553e+03 	 1.900622e+02 	 -3.269918e-05 
5.523158e-04 	 4.759687e+03 	 2.785357e+03 	 1.966130e+02 	 -3.634991e-05 
5.725488e-04 	 4.923738e+03 	 2.881359e+03 	 2.033896e+02 	 -4.040823e-05 
5.935229e-04 	 5.093444e+03 	 2.980670e+03 	 2.103997e+02 	 -4.491964e-05 
6.152654e-04 	 5.268999e+03 	 3.083404e+03 	 2.176515e+02 	 -4.993472e-05 
6.378044e-04 	 5.450605e+03 	 3.189679e+03 	 2.251532e+02 	 -5.550973e-05 
6.611690e-04 	 5.638470e+03 	 3.299617e+03 	 2.329134e+02 	 -6.170715e-05 
6.853896e-04 	 5.832810e+03 	 3.413344e+03 	 2.409411e+02 	 -6.859649e-05 
7.104974e-04 	 6.033848e+03 	 3.530991e+03 	 2.492455e+02 	 -7.625499e-05 
7.365250e-04 	 6.241816e+03 	 3.652693e+03 	 2.578361e+02 	 -8.476854e-05 
7.635061e-04 	 6.456951e+03 	 3.778589e+03 	 2.667228e+02 	 -9.423257e-05 
7.914755e-04 	 6.679502e+03 	 3.908825e+03 	 2.759158e+02 	 -1.047532e-04 
8.204696e-04 	 6.909723e+03 	 4.043549e+03 	 2.854256e+02 	 -1.164485e-04 
8.505258e-04 	 7.147879e+03 	 4.182917e+03 	 2.952631e+02 	 -1.294494e-04 
8.816831e-04 	 7.394244e+03 	 4.327088e+03 	 3.054397e+02 	 -1.439018e-04 
9.139817e-04 	 7.649100e+03 	 4.476228e+03 	 3.159671e+02 	 -1.599678e-04 
9.474635e-04 	 7.912740e+03 	 4.630509e+03 	 3.268573e+02 	 -1.778275e-04 
9.821719e-04 	 8.185467e+03 	 4.790107e+03 	 3.381228e+02 	 -1.976811e-04 
1.018152e-03 	 8.388734e+03 	 4.909057e+03 	 3.465190e+02 	 -2.177047e-04 
1.055450e-03 	 8.672377e+03 	 5.075043e+03 	 3.582354e+02 	 -2.418573e-04 
1.094114e-03 	 8.958879e+03 	 5.242702e+03 	 3.700698e+02 	 -2.684876e-04 
1.134194e-03 	 9.253072e+03 	 5.414861e+03 	 3.822218e+02 	 -2.979930e-04 
1.175743e-03 	 9.555651e+03 	 5.591928e+03 	 3.947203e+02 	 -3.306968e-04 
1.218814e-03 	 9.875270e+03 	 5.778966e+03 	 4.079225e+02 	 -3.672554e-04 
1.263463e-03 	 1.019670e+04 	 5.967061e+03 	 4.211994e+02 	 -4.075005e-04 
1.309747e-03 	 1.052670e+04 	 6.160178e+03 	 4.348306e+02 	 -4.520750e-04 
1.357727e-03 	 1.087299e+04 	 6.362820e+03 	 4.491342e+02 	 -5.017835e-04 
1.407465e-03 	 1.122714e+04 	 6.570064e+03 	 4.637624e+02 	 -5.567828e-04 
1.459024e-03 	 1.159192e+04 	 6.783532e+03 	 4.788301e+02 	 -6.177625e-04 
1.512473e-03 	 1.196161e+04 	 6.999872e+03 	 4.941002e+02 	 -6.850230e-04 
1.567879e-03 	 1.234390e+04 	 7.223580e+03 	 5.098905e+02 	 -7.596560e-04 
1.625315e-03 	 1.274015e+04 	 7.455462e+03 	 5.262576e+02 	 -8.425358e-04 
1.684855e-03 	 1.314090e+04 	 7.689973e+03 	 5.428103e+02 	 -9.338732e-04 
1.746576e-03 	 1.356103e+04 	 7.935824e+03 	 5.601632e+02 	 -1.035629e-03 
1.810558e-03 	 1.398963e+04 	 8.186635e+03 	 5.778662e+02 	 -1.148066e-03 
1.876884e-03 	 1.442349e+04 	 8.440519e+03 	 5.957859e+02 	 -1.271978e-03 
1.945640e-03 	 1.487363e+04 	 8.703935e+03 	 6.143782e+02 	 -1.409533e-03 
2.016915e-03 	 1.533291e+04 	 8.972697e+03 	 6.333478e+02 	 -1.561463e-03 
2.090800e-03 	 1.581134e+04 	 9.252659e+03 	 6.531078e+02 	 -1.730311e-03 
2.167392e-03 	 1.629085e+04 	 9.533257e+03 	 6.729125e+02 	 -1.915789e-03 
2.246790e-03 	 1.678559e+04 	 9.822768e+03 	 6.933461e+02 	 -2.121236e-03 
2.329097e-03 	 1.729789e+04 	 1.012255e+04 	 7.145042e+02 	 -2.349057e-03 
2.414418e-03 	 1.781335e+04 	 1.042418e+04 	 7.357929e+02 	 -2.599526e-03 
2.502865e-03 	 1.834471e+04 	 1.073511e+04 	 7.577377e+02 	 -2.876784e-03 
2.594553e-03 	 1.888902e+04 	 1.105363e+04 	 7.802172e+02 	 -3.183125e-03 
2.689599e-03 	 1.944268e+04 	 1.137761e+04 	 8.030825e+02 	 -3.520855e-03 
2.788127e-03 	 2.000820e+04 	 1.170852e+04 	 8.264367e+02 	 -3.893563e-03 
2.890264e-03 	 2.058546e+04 	 1.204632e+04 	 8.502758e+02 	 -4.304743e-03 
2.996143e-03 	 2.117678e+04 	 1.239232e+04 	 8.746944e+02 	 -4.758757e-03 
3.105900e-03 	 2.177266e+04 	 1.274101e+04 	 8.993012e+02 	 -5.257654e-03 
3.219678e-03 	 2.238455e+04 	 1.309905e+04 	 9.245679e+02 	 -5.808652e-03 
3.337625e-03 	 2.300557e+04 	 1.346243e+04 	 9.502114e+02 	 -6.415144e-03 
3.459892e-03 	 2.363602e+04 	 1.383133e+04 	 9.762431e+02 	 -7.082618e-03 
3.586638e-03 	 2.428106e+04 	 1.420876e+04 	 1.002876e+03 	 -7.818670e-03 
3.718027e-03 	 2.492905e+04 	 1.458792e+04 	 1.029630e+03 	 -8.626137e-03 
3.854229e-03 	 2.559219e+04 	 1.497594e+04 	 1.057009e+03 	 -9.516194e-03 
3.995421e-03 	 2.625809e+04 	 1.536556e+04 	 1.084500e+03 	 -1.049213e-02 
4.141785e-03 	 2.693921e+04 	 1.576409e+04 	 1.112618e+03 	 -1.156724e-02 
4.293510e-03 	 2.762139e+04 	 1.616323e+04 	 1.140779e+03 	 -1.274484e-02 
4.450794e-03 	 2.831389e+04 	 1.656840e+04 	 1.169363e+03 	 -1.403886e-02 
4.613840e-03 	 2.901108e+04 	 1.697631e+04 	 1.198140e+03 	 -1.545750e-02 
4.782858e-03 	 2.971814e+04 	 1.738999e+04 	 1.227321e+03 	 -1.701529e-02 
4.958068e-03 	 3.042414e+04 	 1.780304e+04 	 1.256457e+03 	 -1.871880e-02 
5.139697e-03 	 3.113451e+04 	 1.821863e+04 	 1.285771e+03 	 -2.058463e-02 
5.327979e-03 	 3.184918e+04 	 1.863674e+04 	 1.315259e+03 	 -2.262767e-02 
5.523158e-03 	 3.256514e+04 	 1.905558e+04 	 1.344797e+03 	 -2.486191e-02 
5.725488e-03 	 3.328181e+04 	 1.947483e+04 	 1.374362e+03 	 -2.730409e-02 
5.935229e-03 	 3.400002e+04 	 1.989497e+04 	 1.403986e+03 	 -2.997356e-02 
6.152654e-03 	 3.471057e+04 	 2.031061e+04 	 1.433290e+03 	 -3.288202e-02 
6.378044e-03 	 3.542193e+04 	 2.072670e+04 	 1.462623e+03 	 -3.605833e-02 
6.611690e-03 	 3.612509e+04 	 2.113799e+04 	 1.491612e+03 	 -3.951645e-02 
6.853896e-03 	 3.682787e+04 	 2.154903e+04 	 1.520581e+03 	 -4.328926e-02 
7.104974e-03 	 3.751893e+04 	 2.195320e+04 	 1.549061e+03 	 -4.739007e-02 
7.365250e-03 	 3.820037e+04 	 2.235171e+04 	 1.577137e+03 	 -5.184855e-02 
7.635061e-03 	 3.886923e+04 	 2.274284e+04 	 1.604687e+03 	 -5.668992e-02 
7.914755e-03 	 3.952519e+04 	 2.312639e+04 	 1.631697e+03 	 -6.194457e-02 
8.204696e-03 	 4.016627e+04 	 2.350121e+04 	 1.658086e+03 	 -6.764234e-02 
8.505258e-03 	 4.078935e+04 	 2.386548e+04 	 1.683723e+03 	 -7.381255e-02 
8.816831e-03 	 4.139457e+04 	 2.421925e+04 	 1.708614e+03 	 -8.049170e-02 
9.139817e-03 	 4.197315e+04 	 2.455741e+04 	 1.732396e+03 	 -8.770045e-02 
9.474635e-03 	 4.253164e+04 	 2.488377e+04 	 1.755339e+03 	 -9.549109e-02 
9.821719e-03 	 4.306374e+04 	 2.519466e+04 	 1.777182e+03 	 -1.038917e-01 
1.018152e-02 	 4.356255e+04 	 2.548603e+04 	 1.797639e+03 	 -1.129271e-01 
1.055450e-02 	 4.403083e+04 	 2.575949e+04 	 1.816823e+03 	 -1.226465e-01 
1.094114e-02 	 4.446253e+04 	 2.601150e+04 	 1.834485e+03 	 -1.330770e-01 
1.134194e-02 	 4.485985e+04 	 2.624335e+04 	 1.850715e+03 	 -1.442694e-01 
1.175743e-02 	 4.521187e+04 	 2.644864e+04 	 1.865060e+03 	 -1.562333e-01 
1.218814e-02 	 4.552355e+04 	 2.663028e+04 	 1.877726e+03 	 -1.690279e-01 
1.263463e-02 	 4.578877e+04 	 2.678467e+04 	 1.888458e+03 	 -1.826748e-01 
1.309747e-02 	 4.600446e+04 	 2.691003e+04 	 1.897129e+03 	 -1.972028e-01 
1.357727e-02 	 4.617051e+04 	 2.700628e+04 	 1.903735e+03 	 -2.126508e-01 
1.407465e-02 	 4.627718e+04 	 2.706774e+04 	 1.907874e+03 	 -2.290098e-01 
1.459024e-02 	 4.632787e+04 	 2.709638e+04 	 1.909684e+03 	 -2.463256e-01 
1.512473e-02 	 4.631699e+04 	 2.708892e+04 	 1.908935e+03 	 -2.645954e-01 
1.567879e-02 	 4.624709e+04 	 2.704688e+04 	 1.905732e+03 	 -2.838543e-01 
1.625315e-02 	 4.610675e+04 	 2.696355e+04 	 1.899603e+03 	 -3.040455e-01 
1.684855e-02 	 4.590147e+04 	 2.684216e+04 	 1.890776e+03 	 -3.252050e-01 
1.746576e-02 	 4.562625e+04 	 2.667979e+04 	 1.879045e+03 	 -3.472921e-01 
1.810558e-02 	 4.528168e+04 	 2.647677e+04 	 1.864433e+03 	 -3.702923e-01 
1.876884e-02 	 4.486362e+04 	 2.623070e+04 	 1.846772e+03 	 -3.941400e-01 
1.945640e-02 	 4.437348e+04 	 2.594241e+04 	 1.826120e+03 	 -4.187984e-01 
2.016915e-02 	 4.381203e+04 	 2.561233e+04 	 1.802510e+03 	 -4.442127e-01 
2.090800e-02 	 4.317845e+04 	 2.524000e+04 	 1.775908e+03 	 -4.702953e-01 
2.167392e-02 	 4.247139e+04 	 2.482464e+04 	 1.746262e+03 	 -4.969302e-01 
2.246790e-02 	 4.169825e+04 	 2.437058e+04 	 1.713878e+03 	 -5.240835e-01 
2.329097e-02 	 4.085703e+04 	 2.387665e+04 	 1.678675e+03 	 -5.515956e-01 
2.414418e-02 	 3.995537e+04 	 2.334733e+04 	 1.640970e+03 	 -5.794114e-01 
2.502865e-02 	 3.899652e+04 	 2.278454e+04 	 1.600899e+03 	 -6.074092e-01 
2.594553e-02 	 3.798297e+04 	 2.218972e+04 	 1.558567e+03 	 -6.354372e-01 
2.689599e-02 	 3.692290e+04 	 2.156768e+04 	 1.514314e+03 	 -6.634238e-01 
2.788127e-02 	 3.582122e+04 	 2.092130e+04 	 1.468344e+03 	 -6.912409e-01 
2.890264e-02 	 3.469007e+04 	 2.025768e+04 	 1.421159e+03 	 -7.189006e-01 
2.996143e-02 	 3.353384e+04 	 1.957940e+04 	 1.372941e+03 	 -7.462787e-01 
3.105900e-02 	 3.236838e+04 	 1.889572e+04 	 1.324344e+03 	 -7.735182e-01 
3.219678e-02 	 3.119875e+04 	 1.820960e+04 	 1.275576e+03 	 -8.005618e-01 
3.337625e-02 	 3.002967e+04 	 1.752382e+04 	 1.226835e+03 	 -8.273528e-01 
3.459892e-02 	 2.886439e+04 	 1.684028e+04 	 1.178255e+03 	 -8.538030e-01 
3.586638e-02 	 2.754723e+04 	 1.606818e+04 	 1.123490e+03 	 -8.747795e-01 
3.718027e-02 	 2.632069e+04 	 1.534901e+04 	 1.072442e+03 	 -8.972463e-01 
3.854229e-02 	 2.521704e+04 	 1.470158e+04 	 1.026420e+03 	 -9.227160e-01 
3.995421e-02 	 2.413265e+04 	 1.406543e+04 	 9.811996e+02 	 -9.477674e-01 
4.141785e-02 	 2.311519e+04 	 1.346835e+04 	 9.387176e+02 	 -9.742658e-01 
4.293510e-02 	 2.216822e+04 	 1.291240e+04 	 8.991140e+02 	 -1.002655e+00 
4.450794e-02 	 2.129583e+04 	 1.239994e+04 	 8.625487e+02 	 -1.033500e+00 
4.613840e-02 	 2.050518e+04 	 1.193509e+04 	 8.293025e+02 	 -1.067641e+00 
4.782858e-02 	 1.979973e+04 	 1.151985e+04 	 7.995047e+02 	 -1.105896e+00 
4.958068e-02 	 1.918173e+04 	 1.115546e+04 	 7.732329e+02 	 -1.149157e+00 
5.139697e-02 	 1.865089e+04 	 1.084170e+04 	 7.504591e+02 	 -1.198302e+00 
5.327979e-02 	 1.820844e+04 	 1.057922e+04 	 7.312160e+02 	 -1.254438e+00 
5.523158e-02 	 1.784672e+04 	 1.036349e+04 	 7.151747e+02 	 -1.318176e+00 
5.725488e-02 	 1.753631e+04 	 1.017737e+04 	 7.011385e+02 	 -1.388405e+00 
5.935229e-02 	 1.722878e+04 	 9.992693e+03 	 6.871590e+02 	 -1.461885e+00 
6.152654e-02 	 1.688488e+04 	 9.786712e+03 	 6.716732e+02 	 -1.535146e+00 
6.378044e-02 	 1.647521e+04 	 9.542425e+03 	 6.535244e+02 	 -1.604652e+00 
6.611690e-02 	 1.597519e+04 	 9.245691e+03 	 6.317637e+02 	 -1.666449e+00 
6.853896e-02 	 1.536785e+04 	 8.886840e+03 	 6.057591e+02 	 -1.716507e+00 
7.104974e-02 	 1.466372e+04 	 8.472121e+03 	 5.759717e+02 	 -1.753254e+00 
7.365250e-02 	 1.389801e+04 	 8.022056e+03 	 5.438312e+02 	 -1.778257e+00 
7.635061e-02 	 1.310990e+04 	 7.559380e+03 	 5.109051e+02 	 -1.794508e+00 
7.914755e-02 	 1.232829e+04 	 7.100849e+03 	 4.783423e+02 	 -1.804702e+00 
8.204696e-02 	 1.157725e+04 	 6.660355e+03 	 4.470862e+02 	 -1.811782e+00 
8.505258e-02 	 1.087655e+04 	 6.249267e+03 	 4.178985e+02 	 -1.818940e+00 
8.816831e-02 	 1.023651e+04 	 5.873466e+03 	 3.911624e+02 	 -1.828611e+00 
9.139817e-02 	 9.656663e+03 	 5.532600e+03 	 3.668393e+02 	 -1.841788e+00 
9.474635e-02 	 9.130258e+03 	 5.222724e+03 	 3.446512e+02 	 -1.858339e+00 
9.821719e-02 	 8.652658e+03 	 4.941101e+03 	 3.244015e+02 	 -1.878406e+00 
1.018152e-01 	 8.218677e+03 	 4.684689e+03 	 3.058750e+02 	 -1.901913e+00 
1.055450e-01 	 7.825663e+03 	 4.451896e+03 	 2.889519e+02 	 -1.929256e+00 
1.094114e-01 	 7.467417e+03 	 4.239113e+03 	 2.733830e+02 	 -1.959877e+00 
1.134194e-01 	 7.125845e+03 	 4.036014e+03 	 2.584920e+02 	 -1.989625e+00 
1.175743e-01 	 6.808071e+03 	 3.846605e+03 	 2.445309e+02 	 -2.020677e+00 
1.218814e-01 	 6.507000e+03 	 3.666838e+03 	 2.312352e+02 	 -2.051285e+00 
1.263463e-01 	 6.207052e+03 	 3.487929e+03 	 2.180513e+02 	 -2.076383e+00 
1.309747e-01 	 5.906254e+03 	 3.308819e+03 	 2.049239e+02 	 -2.094516e+00 
1.357727e-01 	 5.600036e+03 	 3.127021e+03 	 1.917135e+02 	 -2.103047e+00 
1.407465e-01 	 5.290578e+03 	 2.943844e+03 	 1.785191e+02 	 -2.101584e+00 
1.459024e-01 	 4.984179e+03 	 2.762877e+03 	 1.655747e+02 	 -2.091606e+00 
1.512473e-01 	 4.687113e+03 	 2.587648e+03 	 1.531022e+02 	 -2.075131e+00 
1.567879e-01 	 4.404458e+03 	 2.420974e+03 	 1.412711e+02 	 -2.054222e+00 
1.625315e-01 	 4.139733e+03 	 2.264768e+03 	 1.301894e+02 	 -2.030710e+00 
1.684855e-01 	 3.895910e+03 	 2.120598e+03 	 1.199376e+02 	 -2.006552e+00 
1.746576e-01 	 3.673450e+03 	 1.988631e+03 	 1.105099e+02 	 -1.982714e+00 
1.810558e-01 	 3.469203e+03 	 1.867066e+03 	 1.017901e+02 	 -1.958236e+00 
1.876884e-01 	 3.279497e+03 	 1.753850e+03 	 9.365306e+01 	 -1.931589e+00 
1.945640e-01 	 3.101322e+03 	 1.647317e+03 	 8.600126e+01 	 -1.901336e+00 
2.016915e-01 	 2.932200e+03 	 1.546116e+03 	 7.875946e+01 	 -1.866128e+00 
2.090800e-01 	 2.769988e+03 	 1.449105e+03 	 7.186846e+01 	 -1.824650e+00 
2.167392e-01 	 2.613219e+03 	 1.355524e+03 	 6.529292e+01 	 -1.775918e+00 
2.246790e-01 	 2.462259e+03 	 1.265577e+03 	 5.904661e+01 	 -1.720183e+00 
2.329097e-01 	 2.317892e+03 	 1.179676e+03 	 5.315088e+01 	 -1.658113e+00 
2.414418e-01 	 2.180804e+03 	 1.098162e+03 	 4.762081e+01 	 -1.590447e+00 
2.502865e-01 	 2.051496e+03 	 1.021266e+03 	 4.246353e+01 	 -1.517908e+00 
2.594553e-01 	 1.930200e+03 	 9.490669e+02 	 3.767717e+01 	 -1.441107e+00 
2.689599e-01 	 1.817086e+03 	 8.815986e+02 	 3.325611e+01 	 -1.360667e+00 
2.788127e-01 	 1.711739e+03 	 8.186003e+02 	 2.918222e+01 	 -1.276814e+00 
2.890264e-01 	 1.613274e+03 	 7.595904e+02 	 2.543044e+01 	 -1.189463e+00 
2.996143e-01 	 1.520881e+03 	 7.041365e+02 	 2.197982e+01 	 -1.098649e+00 
3.105900e-01 	 1.433897e+03 	 6.518898e+02 	 1.881429e+01 	 -1.004620e+00 
3.219678e-01 	 1.351716e+03 	 6.025396e+02 	 1.592074e+01 	 -9.077982e-01 
3.337625e-01 	 1.273840e+03 	 5.558372e+02 	 1.328934e+01 	 -8.088446e-01 
3.459892e-01 	 1.199952e+03 	 5.116217e+02 	 1.091346e+01 	 -7.087184e-01 
3.586638e-01 	 1.130007e+03 	 4.698521e+02 	 8.789205e+00 	 -6.087152e-01 
3.718027e-01 	 1.064532e+03 	 4.307138e+02 	 6.915525e+00 	 -5.105485e-01 
3.854229e-01 	 1.003685e+03 	 3.942146e+02 	 5.285814e+00 	 -4.157713e-01 
3.995421e-01 	 9.448966e+02 	 3.593073e+02 	 3.880848e+00 	 -3.250671e-01 
4.141785e-01 	 8.857161e+02 	 3.251108e+02 	 2.692409e+00 	 -2.400232e-01 
4.293510e-01 	 8.341549e+02 	 2.945732e+02 	 1.741797e+00 	 -1.651683e-01 
4.450794e-01 	 7.878957e+02 	 2.666846e+02 	 1.007276e+00 	 -1.015394e-01 
4.613840e-01 	 7.438382e+02 	 2.402966e+02 	 4.760548e-01 	 -5.098345e-02 
4.782858e-01 	 7.027239e+02 	 2.156210e+02 	 1.439103e-01 	 -1.636319e-02 
4.958068e-01 	 6.627566e+02 	 1.920778e+02 	 5.118694e-03 	 -6.175125e-04 
5.139697e-01 	 6.256697e+02 	 1.701655e+02 	 5.420463e-02 	 -6.933125e-03 
5.327979e-01 	 5.913936e+02 	 1.497941e+02 	 2.852105e-01 	 -3.864994e-02 
5.523158e-01 	 5.584583e+02 	 1.305413e+02 	 6.914979e-01 	 -9.920615e-02 
5.725488e-01 	 5.274567e+02 	 1.125330e+02 	 1.266353e+00 	 -1.921898e-01 
5.935229e-01 	 5.013512e+02 	 9.629598e+01 	 2.015007e+00 	 -3.232456e-01 
6.152654e-01 	 4.756567e+02 	 8.082105e+01 	 2.922651e+00 	 -4.951730e-01 
6.378044e-01 	 4.492714e+02 	 6.598548e+01 	 3.967199e+00 	 -7.092862e-01 
6.611690e-01 	 4.251872e+02 	 5.227473e+01 	 5.158393e+00 	 -9.723756e-01 
6.853896e-01 	 4.026207e+02 	 3.951184e+01 	 6.484843e+00 	 -1.287708e+00 
7.104974e-01 	 3.813336e+02 	 2.762866e+01 	 7.936249e+00 	 -1.658592e+00 
7.365250e-01 	 3.613862e+02 	 1.658875e+01 	 9.506760e+00 	 -2.089123e+00 
7.635061e-01 	 3.427020e+02 	 6.340260e+00 	 1.118885e+01 	 -2.582964e+00 
7.914755e-01 	 3.248797e+02 	 -3.163587e+00 	 1.296198e+01 	 -3.140464e+00 
8.204696e-01 	 3.074131e+02 	 -1.192536e+01 	 1.478977e+01 	 -3.757130e+00 
8.505258e-01 	 2.910409e+02 	 -1.997726e+01 	 1.668903e+01 	 -4.440959e+00 
8.816831e-01 	 2.761056e+02 	 -2.740505e+01 	 1.867802e+01 	 -5.201180e+00 
9.139817e-01 	 2.620142e+02 	 -3.422117e+01 	 2.071959e+01 	 -6.031832e+00 
9.474635e-01 	 2.481873e+02 	 -4.037149e+01 	 2.275392e+01 	 -6.918163e+00 
9.821719e-01 	 2.353135e+02 	 -4.597854e+01 	 2.482540e+01 	 -7.875264e+00 
1.018152e+00 	 2.233567e+02 	 -5.109338e+01 	 2.693111e+01 	 -8.904809e+00 
1.055450e+00 	 2.119925e+02 	 -5.569137e+01 	 2.903047e+01 	 -9.995238e+00 
1.094114e+00 	 2.012429e+02 	 -5.981078e+01 	 3.111796e+01 	 -1.114518e+01 
1.134194e+00 	 1.912066e+02 	 -6.352193e+01 	 3.320541e+01 	 -1.235923e+01 
1.175743e+00 	 1.816410e+02 	 -6.678707e+01 	 3.524932e+01 	 -1.362108e+01 
1.218814e+00 	 1.724599e+02 	 -6.960027e+01 	 3.722292e+01 	 -1.491846e+01 
1.263463e+00 	 1.637159e+02 	 -7.200683e+01 	 3.912697e+01 	 -1.624879e+01 
1.309747e+00 	 1.553743e+02 	 -7.402070e+01 	 4.094644e+01 	 -1.760249e+01 
1.357727e+00 	 1.474296e+02 	 -7.566808e+01 	 4.267381e+01 	 -1.897227e+01 
1.407465e+00 	 1.399948e+02 	 -7.704178e+01 	 4.434115e+01 	 -2.036839e+01 
1.459024e+00 	 1.327615e+02 	 -7.800589e+01 	 4.585074e+01 	 -2.174130e+01 
1.512473e+00 	 1.255825e+02 	 -7.848117e+01 	 4.713238e+01 	 -2.304896e+01 
1.567879e+00 	 1.192658e+02 	 -7.900052e+01 	 4.848731e+01 	 -2.443220e+01 
1.625315e+00 	 1.132631e+02 	 -7.927032e+01 	 4.972710e+01 	 -2.579565e+01 
1.684855e+00 	 1.074178e+02 	 -7.920499e+01 	 5.078135e+01 	 -2.709568e+01 
1.746576e+00 	 1.018904e+02 	 -7.894225e+01 	 5.172149e+01 	 -2.836220e+01 
1.810558e+00 	 9.659064e+01 	 -7.844121e+01 	 5.250743e+01 	 -2.956656e+01 
1.876884e+00 	 9.154139e+01 	 -7.774467e+01 	 5.315437e+01 	 -3.070974e+01 
1.945640e+00 	 8.670848e+01 	 -7.684893e+01 	 5.364791e+01 	 -3.177609e+01 
2.016915e+00 	 8.213583e+01 	 -7.581804e+01 	 5.402206e+01 	 -3.277864e+01 
2.090800e+00 	 7.787240e+01 	 -7.472786e+01 	 5.432354e+01 	 -3.374033e+01 
2.167392e+00 	 7.383153e+01 	 -7.352670e+01 	 5.450926e+01 	 -3.462985e+01 
2.246790e+00 	 7.004668e+01 	 -7.227450e+01 	 5.461791e+01 	 -3.546663e+01 
2.329097e+00 	 6.642138e+01 	 -7.089749e+01 	 5.458898e+01 	 -3.620662e+01 
2.414418e+00 	 6.284943e+01 	 -6.929762e+01 	 5.433907e+01 	 -3.678706e+01 
2.502865e+00 	 5.935893e+01 	 -6.751497e+01 	 5.388986e+01 	 -3.721341e+01 
2.594553e+00 	 5.605825e+01 	 -6.568787e+01 	 5.334549e+01 	 -3.755063e+01 
2.689599e+00 	 5.305339e+01 	 -6.396677e+01 	 5.282809e+01 	 -3.788237e+01 
2.788127e+00 	 5.018671e+01 	 -6.218945e+01 	 5.220579e+01 	 -3.811333e+01 
2.890264e+00 	 4.731067e+01 	 -6.018527e+01 	 5.133087e+01 	 -3.812975e+01 
2.996143e+00 	 4.458495e+01 	 -5.816507e+01 	 5.037728e+01 	 -3.805360e+01 
3.105900e+00 	 4.202173e+01 	 -5.616331e+01 	 4.937525e+01 	 -3.790549e+01 
3.219678e+00 	 3.960881e+01 	 -5.418231e+01 	 4.832832e+01 	 -3.768684e+01 
3.337625e+00 	 3.731196e+01 	 -5.219182e+01 	 4.721078e+01 	 -3.737618e+01 
3.459892e+00 	 3.509705e+01 	 -5.015721e+01 	 4.599147e+01 	 -3.694660e+01 
3.586638e+00 	 3.299626e+01 	 -4.813627e+01 	 4.472355e+01 	 -3.643858e+01 
3.718027e+00 	 3.100863e+01 	 -4.614112e+01 	 4.342009e+01 	 -3.586206e+01 
3.854229e+00 	 2.911470e+01 	 -4.415538e+01 	 4.206763e+01 	 -3.520544e+01 
3.995421e+00 	 2.730382e+01 	 -4.217380e+01 	 4.066272e+01 	 -3.446511e+01 
4.141785e+00 	 2.558188e+01 	 -4.021568e+01 	 3.922567e+01 	 -3.365780e+01 
4.293510e+00 	 2.395387e+01 	 -3.829933e+01 	 3.777665e+01 	 -3.280105e+01 
4.450794e+00 	 2.243966e+01 	 -3.646742e+01 	 3.636097e+01 	 -3.193533e+01 
4.613840e+00 	 2.100812e+01 	 -3.468022e+01 	 3.494261e+01 	 -3.103068e+01 
4.782858e+00 	 1.962065e+01 	 -3.288192e+01 	 3.346750e+01 	 -3.003956e+01 
4.958068e+00 	 1.832264e+01 	 -3.115551e+01 	 3.202193e+01 	 -2.903966e+01 
5.139697e+00 	 1.710138e+01 	 -2.948797e+01 	 3.059581e+01 	 -2.802366e+01 
5.327979e+00 	 1.594808e+01 	 -2.787164e+01 	 2.918411e+01 	 -2.698847e+01 
5.523158e+00 	 1.486271e+01 	 -2.631327e+01 	 2.779663e+01 	 -2.594467e+01 
5.725488e+00 	 1.384061e+01 	 -2.481109e+01 	 2.643425e+01 	 -2.489471e+01 
5.935229e+00 	 1.288577e+01 	 -2.337835e+01 	 2.511387e+01 	 -2.385626e+01 
6.152654e+00 	 1.198623e+01 	 -2.199917e+01 	 2.382115e+01 	 -2.281759e+01 
6.378044e+00 	 1.114110e+01 	 -2.067697e+01 	 2.256226e+01 	 -2.178620e+01 
6.611690e+00 	 1.035546e+01 	 -1.942608e+01 	 2.135533e+01 	 -2.078141e+01 
6.853896e+00 	 9.618660e+00 	 -1.823122e+01 	 2.018607e+01 	 -1.979123e+01 
7.104974e+00 	 8.929443e+00 	 -1.709412e+01 	 1.905860e+01 	 -1.882133e+01 
7.365250e+00 	 8.286117e+00 	 -1.601534e+01 	 1.797568e+01 	 -1.787612e+01 
7.635061e+00 	 7.685542e+00 	 -1.499236e+01 	 1.693652e+01 	 -1.695643e+01 
7.914755e+00 	 7.125411e+00 	 -1.402392e+01 	 1.594161e+01 	 -1.606432e+01 
8.204696e+00 	 6.603625e+00 	 -1.310887e+01 	 1.499142e+01 	 -1.520177e+01 
8.505258e+00 	 6.115861e+00 	 -1.224131e+01 	 1.408089e+01 	 -1.436505e+01 
8.816831e+00 	 5.663018e+00 	 -1.142551e+01 	 1.321645e+01 	 -1.356205e+01 
9.139817e+00 	 5.244548e+00 	 -1.066270e+01 	 1.240107e+01 	 -1.279718e+01 
9.474635e+00 	 4.852646e+00 	 -9.939130e+00 	 1.162015e+01 	 -1.205661e+01 
9.821719e+00 	 4.488782e+00 	 -9.259607e+00 	 1.088049e+01 	 -1.134848e+01 
1.018152e+01 	 4.159172e+00 	 -8.638798e+00 	 1.020059e+01 	 -1.069326e+01 
1.055450e+01 	 3.850237e+00 	 -8.050234e+00 	 9.550432e+00 	 -1.006066e+01 
1.094114e+01 	 3.564193e+00 	 -7.499854e+00 	 8.937968e+00 	 -9.459889e+00 
1.134194e+01 	 3.299349e+00 	 -6.985390e+00 	 8.361408e+00 	 -8.889935e+00 
1.175743e+01 	 3.054143e+00 	 -6.504683e+00 	 7.819002e+00 	 -8.349742e+00 
1.218814e+01 	 2.827124e+00 	 -6.055686e+00 	 7.309049e+00 	 -7.838232e+00 
1.263463e+01 	 2.616949e+00 	 -5.636455e+00 	 6.829895e+00 	 -7.354313e+00 
1.309747e+01 	 2.422373e+00 	 -5.245150e+00 	 6.379940e+00 	 -6.896888e+00 
1.357727e+01 	 2.242241e+00 	 -4.880031e+00 	 5.957640e+00 	 -6.464859e+00 
1.407465e+01 	 2.075484e+00 	 -4.539450e+00 	 5.561503e+00 	 -6.057134e+00 
1.459024e+01 	 1.921113e+00 	 -4.221855e+00 	 5.190100e+00 	 -5.672634e+00 
1.512473e+01 	 1.778210e+00 	 -3.925779e+00 	 4.842055e+00 	 -5.310297e+00 
1.567879e+01 	 1.645924e+00 	 -3.649839e+00 	 4.516052e+00 	 -4.969079e+00 
1.625315e+01 	 1.523470e+00 	 -3.392735e+00 	 4.210834e+00 	 -4.647961e+00 
1.684855e+01 	 1.410117e+00 	 -3.153241e+00 	 3.925197e+00 	 -4.345950e+00 
1.746576e+01 	 1.305191e+00 	 -2.930204e+00 	 3.657997e+00 	 -4.062081e+00 
1.810558e+01 	 1.208066e+00 	 -2.722544e+00 	 3.408144e+00 	 -3.795420e+00 
1.876884e+01 	 1.118164e+00 	 -2.529243e+00 	 3.174600e+00 	 -3.545064e+00 
1.945640e+01 	 1.034947e+00 	 -2.349346e+00 	 2.956381e+00 	 -3.310141e+00 
2.016915e+01 	 9.579196e-01 	 -2.181959e+00 	 2.752553e+00 	 -3.089813e+00 
2.090800e+01 	 8.866220e-01 	 -2.026243e+00 	 2.562233e+00 	 -2.883276e+00 
2.167392e+01 	 8.206283e-01 	 -1.881411e+00 	 2.384582e+00 	 -2.689759e+00 
2.246790e+01 	 7.595445e-01 	 -1.746728e+00 	 2.218810e+00 	 -2.508523e+00 
2.329097e+01 	 7.030055e-01 	 -1.621504e+00 	 2.064169e+00 	 -2.338863e+00 
2.414418e+01 	 6.506736e-01 	 -1.505095e+00 	 1.919953e+00 	 -2.180107e+00 
2.502865e+01 	 6.022360e-01 	 -1.396897e+00 	 1.785497e+00 	 -2.031615e+00 
2.594553e+01 	 5.574031e-01 	 -1.296348e+00 	 1.660174e+00 	 -1.892776e+00 
2.689599e+01 	 5.159067e-01 	 -1.202920e+00 	 1.543393e+00 	 -1.763011e+00 
2.788127e+01 	 4.774989e-01 	 -1.116122e+00 	 1.434600e+00 	 -1.641772e+00 
2.890264e+01 	 4.419497e-01 	 -1.035494e+00 	 1.333272e+00 	 -1.528537e+00 
2.996143e+01 	 4.090467e-01 	 -9.606082e-01 	 1.238919e+00 	 -1.422813e+00 
3.105900e+01 	 3.785928e-01 	 -8.910641e-01 	 1.151080e+00 	 -1.324134e+00 
3.219678e+01 	 3.504059e-01 	 -8.264887e-01 	 1.069323e+00 	 -1.232058e+00 
3.337625e+01 	 3.243173e-01 	 -7.665342e-01 	 9.932421e-01 	 -1.146169e+00 
3.459892e+01 	 3.001708e-01 	 -7.108763e-01 	 9.224573e-01 	 -1.066074e+00 
3.586638e+01 	 2.778220e-01 	 -6.592128e-01 	 8.566125e-01 	 -9.914029e-01 
3.718027e+01 	 2.571370e-01 	 -6.112622e-01 	 7.953743e-01 	 -9.218071e-01 
3.854229e+01 	 2.379920e-01 	 -5.667622e-01 	 7.384303e-01 	 -8.569580e-01 
3.995421e+01 	 2.202725e-01 	 -5.254686e-01 	 6.854886e-01 	 -7.965468e-01 
4.141785e+01 	 2.038722e-01 	 -4.871540e-01 	 6.362759e-01 	 -7.402832e-01 
4.293510e+01 	 1.886930e-01 	 -4.516068e-01 	 5.905369e-01 	 -6.878944e-01 
4.450794e+01 	 1.746441e-01 	 -4.186300e-01 	 5.480330e-01 	 -6.391244e-01 
4.613840e+01 	 1.616413e-01 	 -3.880406e-01 	 5.085412e-01 	 -5.937331e-01 
4.782858e+01 	 1.496067e-01 	 -3.596679e-01 	 4.718533e-01 	 -5.514950e-01 
4.958068e+01 	 1.384682e-01 	 -3.333535e-01 	 4.377750e-01 	 -5.121991e-01 
5.139697e+01 	 1.281592e-01 	 -3.089501e-01 	 4.061250e-01 	 -4.756474e-01 
5.327979e+01 	 1.186179e-01 	 -2.863205e-01 	 3.767341e-01 	 -4.416547e-01 
5.523158e+01 	 1.097872e-01 	 -2.653374e-01 	 3.494445e-01 	 -4.100476e-01 
5.725488e+01 	 1.016141e-01 	 -2.458824e-01 	 3.241091e-01 	 -3.806638e-01 
5.935229e+01 	 9.404972e-02 	 -2.278455e-01 	 3.005907e-01 	 -3.533516e-01 
6.152654e+01 	 8.704876e-02 	 -2.111244e-01 	 2.787615e-01 	 -3.279691e-01 
6.378044e+01 	 8.056924e-02 	 -1.956241e-01 	 2.585025e-01 	 -3.043837e-01 
6.611690e+01 	 7.457235e-02 	 -1.812565e-01 	 2.397027e-01 	 -2.824715e-01 
6.853896e+01 	 6.902215e-02 	 -1.679395e-01 	 2.222589e-01 	 -2.621168e-01 
7.104974e+01 	 6.388539e-02 	 -1.555971e-01 	 2.060748e-01 	 -2.432117e-01 
7.365250e+01 	 5.913127e-02 	 -1.441586e-01 	 1.910609e-01 	 -2.256553e-01 
7.635061e+01 	 5.473131e-02 	 -1.335583e-01 	 1.771340e-01 	 -2.093535e-01 
7.914755e+01 	 5.065913e-02 	 -1.237354e-01 	 1.642163e-01 	 -1.942186e-01 
8.204696e+01 	 4.689032e-02 	 -1.146333e-01 	 1.522359e-01 	 -1.801687e-01 
8.505258e+01 	 4.340227e-02 	 -1.061994e-01 	 1.411255e-01 	 -1.671275e-01 
8.816831e+01 	 4.017407e-02 	 -9.838508e-02 	 1.308228e-01 	 -1.550240e-01 
9.139817e+01 	 3.718636e-02 	 -9.114510e-02 	 1.212697e-01 	 -1.437918e-01 
9.474635e+01 	 3.442123e-02 	 -8.443750e-02 	 1.124123e-01 	 -1.333693e-01 
9.821719e+01 	 3.186208e-02 	 -7.822334e-02 	 1.042005e-01 	 -1.236989e-01 
1.018152e+02 	 2.949357e-02 	 -7.246651e-02 	 9.658755e-02 	 -1.147272e-01 
1.055450e+02 	 2.730149e-02 	 -6.713351e-02 	 8.953023e-02 	 -1.064043e-01 
1.094114e+02 	 2.527268e-02 	 -6.219327e-02 	 8.298830e-02 	 -9.868387e-02 
1.134194e+02 	 2.339498e-02 	 -5.761696e-02 	 7.692439e-02 	 -9.152277e-02 
1.175743e+02 	 2.165712e-02 	 -5.337785e-02 	 7.130378e-02 	 -8.488088e-02 
1.218814e+02 	 2.004868e-02 	 -4.945118e-02 	 6.609425e-02 	 -7.872089e-02 
1.263463e+02 	 1.856000e-02 	 -4.581395e-02 	 6.126589e-02 	 -7.300813e-02 
1.309747e+02 	 1.718215e-02 	 -4.244488e-02 	 5.679092e-02 	 -6.771035e-02 
1.357727e+02 	 1.590688e-02 	 -3.932421e-02 	 5.264357e-02 	 -6.279760e-02 
1.407465e+02 	 1.472652e-02 	 -3.643365e-02 	 4.879992e-02 	 -5.824204e-02 
1.459024e+02 	 1.363401e-02 	 -3.375624e-02 	 4.523779e-02 	 -5.401782e-02 
1.512473e+02 	 1.262280e-02 	 -3.127626e-02 	 4.193658e-02 	 -5.010093e-02 
1.567879e+02 	 1.168682e-02 	 -2.897914e-02 	 3.887721e-02 	 -4.646907e-02 
1.625315e+02 	 1.082046e-02 	 -2.685140e-02 	 3.604197e-02 	 -4.310154e-02 
1.684855e+02 	 1.001853e-02 	 -2.488053e-02 	 3.341443e-02 	 -3.997913e-02 
1.746576e+02 	 9.276229e-03 	 -2.305494e-02 	 3.097937e-02 	 -3.708401e-02 
1.810558e+02 	 8.589113e-03 	 -2.136390e-02 	 2.872267e-02 	 -3.439963e-02 
1.876884e+02 	 7.953067e-03 	 -1.979749e-02 	 2.663124e-02 	 -3.191065e-02 
1.945640e+02 	 7.364285e-03 	 -1.834648e-02 	 2.469297e-02 	 -2.960283e-02 
2.016915e+02 	 6.819245e-03 	 -1.700236e-02 	 2.289659e-02 	 -2.746294e-02 
2.090800e+02 	 6.314688e-03 	 -1.575722e-02 	 2.123170e-02 	 -2.547876e-02 
2.167392e+02 	 5.847598e-03 	 -1.460376e-02 	 1.968864e-02 	 -2.363890e-02 
2.246790e+02 	 5.415184e-03 	 -1.353520e-02 	 1.825846e-02 	 -2.193285e-02 
2.329097e+02 	 5.014863e-03 	 -1.254526e-02 	 1.693287e-02 	 -2.035083e-02 
2.414418e+02 	 4.644247e-03 	 -1.162814e-02 	 1.570419e-02 	 -1.888378e-02 
2.502865e+02 	 4.301124e-03 	 -1.077846e-02 	 1.456530e-02 	 -1.752332e-02 
2.594553e+02 	 3.983447e-03 	 -9.991238e-03 	 1.350960e-02 	 -1.626165e-02 
2.689599e+02 	 3.689323e-03 	 -9.261861e-03 	 1.253099e-02 	 -1.509158e-02 
2.788127e+02 	 3.417000e-03 	 -8.586060e-03 	 1.162380e-02 	 -1.400640e-02 
2.890264e+02 	 3.164857e-03 	 -7.959880e-03 	 1.078280e-02 	 -1.299992e-02 
2.996143e+02 	 2.931392e-03 	 -7.379658e-03 	 1.000313e-02 	 -1.206641e-02 
3.105900e+02 	 2.715217e-03 	 -6.842004e-03 	 9.280277e-03 	 -1.120052e-02 
3.219678e+02 	 2.515048e-03 	 -6.343779e-03 	 8.610088e-03 	 -1.039734e-02 
3.337625e+02 	 2.329694e-03 	 -5.882075e-03 	 7.988697e-03 	 -9.652293e-03 
3.459892e+02 	 2.158055e-03 	 -5.454200e-03 	 7.412526e-03 	 -8.961132e-03 
3.586638e+02 	 1.999113e-03 	 -5.057662e-03 	 6.878262e-03 	 -8.319934e-03 
3.718027e+02 	 1.851925e-03 	 -4.690152e-03 	 6.382836e-03 	 -7.725060e-03 
3.854229e+02 	 1.715619e-03 	 -4.349533e-03 	 5.923404e-03 	 -7.173137e-03 
3.995421e+02 	 1.589386e-03 	 -4.033825e-03 	 5.497332e-03 	 -6.661037e-03 
4.141785e+02 	 1.472480e-03 	 -3.741196e-03 	 5.102180e-03 	 -6.185865e-03 
4.293510e+02 	 1.364210e-03 	 -3.469947e-03 	 4.735687e-03 	 -5.744934e-03 
4.450794e+02 	 1.263933e-03 	 -3.218508e-03 	 4.395758e-03 	 -5.335756e-03 
4.613840e+02 	 1.171059e-03 	 -2.985422e-03 	 4.080452e-03 	 -4.956023e-03 
4.782858e+02 	 1.085039e-03 	 -2.769342e-03 	 3.787973e-03 	 -4.603600e-03 
4.958068e+02 	 1.005364e-03 	 -2.569018e-03 	 3.516654e-03 	 -4.276502e-03 
5.139697e+02 	 9.315657e-04 	 -2.383294e-03 	 3.264952e-03 	 -3.972895e-03 
5.327979e+02 	 8.632079e-04 	 -2.211098e-03 	 3.031437e-03 	 -3.691075e-03 
5.523158e+02 	 7.998884e-04 	 -2.051440e-03 	 2.814784e-03 	 -3.429464e-03 
5.725488e+02 	 7.412342e-04 	 -1.903400e-03 	 2.613765e-03 	 -3.186600e-03 
5.935229e+02 	 6.869002e-04 	 -1.766127e-03 	 2.427242e-03 	 -2.961125e-03 
6.152654e+02 	 6.365670e-04 	 -1.638832e-03 	 2.254162e-03 	 -2.751783e-03 
6.378044e+02 	 5.899389e-04 	 -1.520785e-03 	 2.093546e-03 	 -2.557408e-03 
6.611690e+02 	 5.467419e-04 	 -1.411310e-03 	 1.944489e-03 	 -2.376919e-03 
6.853896e+02 	 5.067225e-04 	 -1.309779e-03 	 1.806153e-03 	 -2.209315e-03 
7.104974e+02 	 4.696461e-04 	 -1.215613e-03 	 1.677759e-03 	 -2.053665e-03 
7.365250e+02 	 4.352954e-04 	 -1.128272e-03 	 1.558586e-03 	 -1.909110e-03 
7.635061e+02 	 4.034691e-04 	 -1.047260e-03 	 1.447966e-03 	 -1.774849e-03 
7.914755e+02 	 3.739809e-04 	 -9.721129e-04 	 1.345280e-03 	 -1.650143e-03 
8.204696e+02 	 3.466583e-04 	 -9.024043e-04 	 1.249953e-03 	 -1.534303e-03 
8.505258e+02 	 3.213417e-04 	 -8.377374e-04 	 1.161453e-03 	 -1.426693e-03 
8.816831e+02 	 2.978831e-04 	 -7.777447e-04 	 1.079286e-03 	 -1.326722e-03 
9.139817e+02 	 2.761456e-04 	 -7.220859e-04 	 1.002995e-03 	 -1.233842e-03 
9.474635e+02 	 2.560024e-04 	 -6.704455e-04 	 9.321559e-04 	 -1.147544e-03 
9.821719e+02 	 2.373359e-04 	 -6.225311e-04 	 8.663750e-04 	 -1.067358e-03 
1.018152e+03 	 2.200376e-04 	 -5.780719e-04 	 8.052878e-04 	 -9.928438e-04 
1.055450e+03 	 2.040066e-04 	 -5.368166e-04 	 7.485561e-04 	 -9.235976e-04 
1.094114e+03 	 1.891497e-04 	 -4.985327e-04 	 6.958662e-04 	 -8.592422e-04 
1.134194e+03 	 1.753805e-04 	 -4.630043e-04 	 6.469273e-04 	 -7.994283e-04 
1.175743e+03 	 1.626191e-04 	 -4.300316e-04 	 6.014697e-04 	 -7.438318e-04 
1.218814e+03 	 1.507913e-04 	 -3.994292e-04 	 5.592432e-04 	 -6.921519e-04 
1.263463e+03 	 1.398284e-04 	 -3.710253e-04 	 5.200159e-04 	 -6.441094e-04 
1.309747e+03 	 1.296671e-04 	 -3.446607e-04 	 4.835725e-04 	 -5.994454e-04 
1.357727e+03 	 1.202483e-04 	 -3.201878e-04 	 4.497133e-04 	 -5.579195e-04 
1.407465e+03 	 1.115176e-04 	 -2.974696e-04 	 4.182533e-04 	 -5.193085e-04 
1.459024e+03 	 1.034244e-04 	 -2.763793e-04 	 3.890206e-04 	 -4.834055e-04 
1.512473e+03 	 9.592201e-05 	 -2.567993e-04 	 3.618558e-04 	 -4.500182e-04 
1.567879e+03 	 8.896704e-05 	 -2.386204e-04 	 3.366112e-04 	 -4.189681e-04 
1.625315e+03 	 8.251935e-05 	 -2.217415e-04 	 3.131494e-04 	 -3.900898e-04 
1.684855e+03 	 7.654177e-05 	 -2.060689e-04 	 2.913433e-04 	 -3.632293e-04 
1.746576e+03 	 7.099984e-05 	 -1.915155e-04 	 2.710746e-04 	 -3.382441e-04 
1.810558e+03 	 6.586165e-05 	 -1.780007e-04 	 2.522338e-04 	 -3.150014e-04 
1.876884e+03 	 6.109763e-05 	 -1.654497e-04 	 2.347192e-04 	 -2.933782e-04 
1.945640e+03 	 5.668040e-05 	 -1.537931e-04 	 2.184364e-04 	 -2.732604e-04 
2.016915e+03 	 5.258457e-05 	 -1.429667e-04 	 2.032977e-04 	 -2.545416e-04 
2.090800e+03 	 4.878663e-05 	 -1.329107e-04 	 1.892218e-04 	 -2.371235e-04 
2.167392e+03 	 4.526480e-05 	 -1.235698e-04 	 1.761333e-04 	 -2.209144e-04 
2.246790e+03 	 4.199890e-05 	 -1.148926e-04 	 1.639620e-04 	 -2.058293e-04 
2.329097e+03 	 3.897022e-05 	 -1.068316e-04 	 1.526430e-04 	 -1.917892e-04 
2.414418e+03 	 3.616143e-05 	 -9.934259e-05 	 1.421159e-04 	 -1.787209e-04 
2.502865e+03 	 3.355649e-05 	 -9.238453e-05 	 1.323246e-04 	 -1.665561e-04 
2.594553e+03 	 3.114051e-05 	 -8.591942e-05 	 1.232170e-04 	 -1.552315e-04 
2.689599e+03 	 2.889970e-05 	 -7.991200e-05 	 1.147448e-04 	 -1.446884e-04 
2.788127e+03 	 2.682130e-05 	 -7.432954e-05 	 1.068632e-04 	 -1.348721e-04 
2.890264e+03 	 2.489344e-05 	 -6.914166e-05 	 9.953044e-05 	 -1.257317e-04 
2.996143e+03 	 2.310518e-05 	 -6.432019e-05 	 9.270787e-05 	 -1.172201e-04 
3.105900e+03 	 2.144633e-05 	 -5.983899e-05 	 8.635953e-05 	 -1.092934e-04 
3.219678e+03 	 1.990748e-05 	 -5.567377e-05 	 8.045204e-05 	 -1.019110e-04 
3.337625e+03 	 1.847988e-05 	 -5.180204e-05 	 7.495440e-05 	 -9.503478e-05 
3.459892e+03 	 1.715545e-05 	 -4.820288e-05 	 6.983781e-05 	 -8.862968e-05 
3.586638e+03 	 1.592668e-05 	 -4.485689e-05 	 6.507552e-05 	 -8.266293e-05 
3.718027e+03 	 1.478662e-05 	 -4.174609e-05 	 6.064267e-05 	 -7.710410e-05 
3.854229e+03 	 1.372881e-05 	 -3.885374e-05 	 5.651618e-05 	 -7.192491e-05 
3.995421e+03 	 1.274729e-05 	 -3.616435e-05 	 5.267459e-05 	 -6.709904e-05 
4.141785e+03 	 1.183652e-05 	 -3.366350e-05 	 4.909797e-05 	 -6.260205e-05 
4.293510e+03 	 1.099136e-05 	 -3.133784e-05 	 4.576780e-05 	 -5.841119e-05 
4.450794e+03 	 1.020705e-05 	 -2.917494e-05 	 4.266686e-05 	 -5.450532e-05 
4.613840e+03 	 9.479185e-06 	 -2.716329e-05 	 3.977917e-05 	 -5.086477e-05 
4.782858e+03 	 8.803668e-06 	 -2.529219e-05 	 3.708986e-05 	 -4.747125e-05 
4.958068e+03 	 8.176709e-06 	 -2.355169e-05 	 3.458511e-05 	 -4.430775e-05 
5.139697e+03 	 7.594791e-06 	 -2.193258e-05 	 3.225208e-05 	 -4.135844e-05 
5.327979e+03 	 7.054656e-06 	 -2.042629e-05 	 3.007883e-05 	 -3.860860e-05 
5.523158e+03 	 6.553281e-06 	 -1.902487e-05 	 2.805426e-05 	 -3.604454e-05 
5.725488e+03 	 6.087862e-06 	 -1.772091e-05 	 2.616807e-05 	 -3.365351e-05 
5.935229e+03 	 5.655803e-06 	 -1.650757e-05 	 2.441065e-05 	 -3.142365e-05 
6.152654e+03 	 5.254693e-06 	 -1.537846e-05 	 2.277310e-05 	 -2.934395e-05 
6.378044e+03 	 4.882297e-06 	 -1.432767e-05 	 2.124711e-05 	 -2.740412e-05 
6.611690e+03 	 4.536545e-06 	 -1.334969e-05 	 1.982497e-05 	 -2.559462e-05 
6.853896e+03 	 4.215514e-06 	 -1.243942e-05 	 1.849952e-05 	 -2.390655e-05 
7.104974e+03 	 3.917422e-06 	 -1.159210e-05 	 1.726409e-05 	 -2.233163e-05 
7.365250e+03 	 3.640617e-06 	 -1.080333e-05 	 1.611246e-05 	 -2.086217e-05 
7.635061e+03 	 3.383566e-06 	 -1.006901e-05 	 1.503888e-05 	 -1.949099e-05 
7.914755e+03 	 3.144847e-06 	 -9.385329e-06 	 1.403797e-05 	 -1.821141e-05 
8.204696e+03 	 2.923142e-06 	 -8.748752e-06 	 1.310474e-05 	 -1.701722e-05 
8.505258e+03 	 2.717228e-06 	 -8.155989e-06 	 1.223455e-05 	 -1.590263e-05 
8.816831e+03 	 2.525970e-06 	 -7.603984e-06 	 1.142307e-05 	 -1.486224e-05 
9.139817e+03 	 2.348316e-06 	 -7.089896e-06 	 1.066628e-05 	 -1.389104e-05 
9.474635e+03 	 2.183289e-06 	 -6.611086e-06 	 9.960435e-06 	 -1.298435e-05 
9.821719e+03 	 2.029983e-06 	 -6.165099e-06 	 9.302060e-06 	 -1.213782e-05 
1.018152e+04 	 1.887560e-06 	 -5.749655e-06 	 8.687909e-06 	 -1.134740e-05 
1.055450e+04 	 1.755238e-06 	 -5.362632e-06 	 8.114967e-06 	 -1.060929e-05 
1.094114e+04 	 1.632295e-06 	 -5.002059e-06 	 7.580424e-06 	 -9.919996e-06 
1.134194e+04 	 1.518060e-06 	 -4.666103e-06 	 7.081668e-06 	 -9.276222e-06 
1.175743e+04 	 1.411910e-06 	 -4.353060e-06 	 6.616265e-06 	 -8.674917e-06 
1.218814e+04 	 1.313267e-06 	 -4.061343e-06 	 6.181949e-06 	 -8.113233e-06 
1.263463e+04 	 1.221595e-06 	 -3.789481e-06 	 5.776611e-06 	 -7.588517e-06 
1.309747e+04 	 1.136397e-06 	 -3.536101e-06 	 5.398286e-06 	 -7.098297e-06 
1.357727e+04 	 1.057211e-06 	 -3.299928e-06 	 5.045147e-06 	 -6.640266e-06 
1.407465e+04 	 9.836074e-07 	 -3.079779e-06 	 4.715489e-06 	 -6.212277e-06 
1.459024e+04 	 9.151899e-07 	 -2.874548e-06 	 4.407726e-06 	 -5.812327e-06 
1.512473e+04 	 8.515889e-07 	 -2.683210e-06 	 4.120381e-06 	 -5.438548e-06 
1.567879e+04 	 7.924616e-07 	 -2.504811e-06 	 3.852077e-06 	 -5.089200e-06 
1.625315e+04 	 7.374902e-07 	 -2.338463e-06 	 3.601532e-06 	 -4.762660e-06 
1.684855e+04 	 6.863794e-07 	 -2.183339e-06 	 3.367552e-06 	 -4.457414e-06 
1.746576e+04 	 6.388551e-07 	 -2.038671e-06 	 3.149024e-06 	 -4.172050e-06 
1.810558e+04 	 5.946629e-07 	 -1.903743e-06 	 2.944910e-06 	 -3.905253e-06 
1.876884e+04 	 5.535666e-07 	 -1.777889e-06 	 2.754244e-06 	 -3.655794e-06 
1.945640e+04 	 5.153468e-07 	 -1.660490e-06 	 2.576126e-06 	 -3.422527e-06 
2.016915e+04 	 4.798001e-07 	 -1.550969e-06 	 2.409717e-06 	 -3.204385e-06 
2.090800e+04 	 4.467372e-07 	 -1.448789e-06 	 2.254234e-06 	 -3.000370e-06 
2.167392e+04 	 4.159827e-07 	 -1.353450e-06 	 2.108948e-06 	 -2.809553e-06 
2.246790e+04 	 3.873735e-07 	 -1.264487e-06 	 1.973180e-06 	 -2.631066e-06 
2.329097e+04 	 3.607582e-07 	 -1.181468e-06 	 1.846295e-06 	 -2.464099e-06 
2.414418e+04 	 3.359962e-07 	 -1.103989e-06 	 1.727703e-06 	 -2.307895e-06 
2.502865e+04 	 3.129570e-07 	 -1.031673e-06 	 1.616853e-06 	 -2.161751e-06 
2.594553e+04 	 2.915191e-07 	 -9.641726e-07 	 1.513231e-06 	 -2.025007e-06 
2.689599e+04 	 2.715700e-07 	 -9.011610e-07 	 1.416358e-06 	 -1.897049e-06 
2.788127e+04 	 2.530049e-07 	 -8.423350e-07 	 1.325788e-06 	 -1.777303e-06 
2.890264e+04 	 2.357268e-07 	 -7.874122e-07 	 1.241103e-06 	 -1.665233e-06 
2.996143e+04 	 2.196452e-07 	 -7.361295e-07 	 1.161914e-06 	 -1.560340e-06 
3.105900e+04 	 2.046762e-07 	 -6.882417e-07 	 1.087860e-06 	 -1.462156e-06 
3.219678e+04 	 1.907420e-07 	 -6.435205e-07 	 1.018601e-06 	 -1.370246e-06 
3.337625e+04 	 1.777700e-07 	 -6.017531e-07 	 9.538229e-07 	 -1.284201e-06 
3.459892e+04 	 1.656929e-07 	 -5.627412e-07 	 8.932298e-07 	 -1.203642e-06 
3.586638e+04 	 1.544482e-07 	 -5.263000e-07 	 8.365474e-07 	 -1.128213e-06 
3.718027e+04 	 1.439778e-07 	 -4.922575e-07 	 7.835190e-07 	 -1.057582e-06 
3.854229e+04 	 1.342277e-07 	 -4.604532e-07 	 7.339053e-07 	 -9.914393e-07 
3.995421e+04 	 1.251476e-07 	 -4.307374e-07 	 6.874827e-07 	 -9.294951e-07 
4.141785e+04 	 1.166909e-07 	 -4.029709e-07 	 6.440427e-07 	 -8.714784e-07 
4.293510e+04 	 1.088141e-07 	 -3.770236e-07 	 6.033904e-07 	 -8.171364e-07 
4.450794e+04 	 1.014771e-07 	 -3.527744e-07 	 5.653442e-07 	 -7.662327e-07 
4.613840e+04 	 9.464224e-08 	 -3.301104e-07 	 5.297341e-07 	 -7.185462e-07 
4.782858e+04 	 8.827473e-08 	 -3.089262e-07 	 4.964016e-07 	 -6.738705e-07 
4.958068e+04 	 8.234217e-08 	 -2.891236e-07 	 4.651988e-07 	 -6.320125e-07 
5.139697e+04 	 7.681442e-08 	 -2.706110e-07 	 4.359874e-07 	 -5.927917e-07 
5.327979e+04 	 7.166348e-08 	 -2.533030e-07 	 4.086382e-07 	 -5.560394e-07 
5.523158e+04 	 6.686329e-08 	 -2.371200e-07 	 3.830305e-07 	 -5.215978e-07 
5.725488e+04 	 6.238963e-08 	 -2.219875e-07 	 3.590518e-07 	 -4.893195e-07 
5.935229e+04 	 5.821996e-08 	 -2.078364e-07 	 3.365967e-07 	 -4.590665e-07 
6.152654e+04 	 5.433332e-08 	 -1.946018e-07 	 3.155669e-07 	 -4.307097e-07 
6.378044e+04 	 5.071023e-08 	 -1.822236e-07 	 2.958705e-07 	 -4.041286e-07 
6.611690e+04 	 4.733255e-08 	 -1.706452e-07 	 2.774215e-07 	 -3.792103e-07 
6.853896e+04 	 4.418342e-08 	 -1.598143e-07 	 2.601398e-07 	 -3.558492e-07 
7.104974e+04 	 4.124713e-08 	 -1.496817e-07 	 2.439504e-07 	 -3.339465e-07 
7.365250e+04 	 3.850909e-08 	 -1.402017e-07 	 2.287830e-07 	 -3.134099e-07 
7.635061e+04 	 3.595571e-08 	 -1.313316e-07 	 2.145722e-07 	 -2.941528e-07 
7.914755e+04 	 3.357436e-08 	 -1.230315e-07 	 2.012568e-07 	 -2.760945e-07 
8.204696e+04 	 3.135325e-08 	 -1.152641e-07 	 1.887794e-07 	 -2.591592e-07 
8.505258e+04 	 2.928146e-08 	 -1.079948e-07 	 1.770864e-07 	 -2.432761e-07 
8.816831e+04 	 2.734878e-08 	 -1.011910e-07 	 1.661279e-07 	 -2.283788e-07 
9.139817e+04 	 2.554573e-08 	 -9.482253e-08 	 1.558569e-07 	 -2.144053e-07 
9.474635e+04 	 2.386348e-08 	 -8.886100e-08 	 1.462297e-07 	 -2.012975e-07 
9.821719e+04 	 2.229381e-08 	 -8.328002e-08 	 1.372053e-07 	 -1.890011e-07 
1.018152e+05 	 2.082908e-08 	 -7.805489e-08 	 1.287455e-07 	 -1.774650e-07 
1.055450e+05 	 1.946215e-08 	 -7.316257e-08 	 1.208143e-07 	 -1.666417e-07 
1.094114e+05 	 1.818639e-08 	 -6.858151e-08 	 1.133782e-07 	 -1.564864e-07 
1.134194e+05 	 1.699563e-08 	 -6.429160e-08 	 1.064059e-07 	 -1.469575e-07 
1.175743e+05 	 1.588411e-08 	 -6.027403e-08 	 9.986806e-08 	 -1.380156e-07 
1.218814e+05 	 1.484648e-08 	 -5.651124e-08 	 9.373715e-08 	 -1.296243e-07 
1.263463e+05 	 1.387775e-08 	 -5.298683e-08 	 8.798751e-08 	 -1.217491e-07 
1.309747e+05 	 1.297326e-08 	 -4.968544e-08 	 8.259507e-08 	 -1.143579e-07 
1.357727e+05 	 1.212869e-08 	 -4.659275e-08 	 7.753734e-08 	 -1.074205e-07 
1.407465e+05 	 1.134001e-08 	 -4.369535e-08 	 7.279324e-08 	 -1.009087e-07 
1.459024e+05 	 1.060346e-08 	 -4.098073e-08 	 6.834304e-08 	 -9.479604e-08 
1.512473e+05 	 9.915534e-09 	 -3.843717e-08 	 6.416829e-08 	 -8.905780e-08 
1.567879e+05 	 9.272972e-09 	 -3.605372e-08 	 6.025170e-08 	 -8.367072e-08 
1.625315e+05 	 8.672736e-09 	 -3.382015e-08 	 5.657708e-08 	 -7.861303e-08 
1.684855e+05 	 8.111991e-09 	 -3.172690e-08 	 5.312928e-08 	 -7.386436e-08 
1.746576e+05 	 7.588097e-09 	 -2.976501e-08 	 4.989410e-08 	 -6.940558e-08 
1.810558e+05 	 7.098593e-09 	 -2.792611e-08 	 4.685826e-08 	 -6.521878e-08 
1.876884e+05 	 6.641184e-09 	 -2.620238e-08 	 4.400932e-08 	 -6.128717e-08 
1.945640e+05 	 6.213731e-09 	 -2.458650e-08 	 4.133560e-08 	 -5.759501e-08 
2.016915e+05 	 5.814241e-09 	 -2.307162e-08 	 3.882619e-08 	 -5.412754e-08 
2.090800e+05 	 5.440854e-09 	 -2.165132e-08 	 3.647087e-08 	 -5.087092e-08 
2.167392e+05 	 5.091837e-09 	 -2.031963e-08 	 3.426004e-08 	 -4.781219e-08 
2.246790e+05 	 4.765573e-09 	 -1.907092e-08 	 3.218474e-08 	 -4.493919e-08 
2.329097e+05 	 4.460554e-09 	 -1.789996e-08 	 3.023653e-08 	 -4.224050e-08 
2.414418e+05 	 4.175374e-09 	 -1.680183e-08 	 2.840755e-08 	 -3.970543e-08 
2.502865e+05 	 3.908722e-09 	 -1.577193e-08 	 2.669040e-08 	 -3.732394e-08 
2.594553e+05 	 3.659373e-09 	 -1.480597e-08 	 2.507816e-08 	 -3.508664e-08 
2.689599e+05 	 3.426188e-09 	 -1.389992e-08 	 2.356435e-08 	 -3.298469e-08 
2.788127e+05 	 3.208100e-09 	 -1.305002e-08 	 2.214287e-08 	 -3.100982e-08 
2.890264e+05 	 3.004116e-09 	 -1.225273e-08 	 2.080804e-08 	 -2.915425e-08 
2.996143e+05 	 2.813309e-09 	 -1.150475e-08 	 1.955450e-08 	 -2.741072e-08 
3.105900e+05 	 2.634815e-09 	 -1.080299e-08 	 1.837724e-08 	 -2.577238e-08 
3.219678e+05 	 2.467824e-09 	 -1.014455e-08 	 1.727158e-08 	 -2.423281e-08 
3.337625e+05 	 2.311585e-09 	 -9.526728e-09 	 1.623309e-08 	 -2.278601e-08 
3.459892e+05 	 2.165392e-09 	 -8.946979e-09 	 1.525766e-08 	 -2.142632e-08 
3.586638e+05 	 2.028591e-09 	 -8.402927e-09 	 1.434142e-08 	 -2.014846e-08 
3.718027e+05 	 1.900567e-09 	 -7.892344e-09 	 1.348072e-08 	 -1.894743e-08 
3.854229e+05 	 1.780748e-09 	 -7.413143e-09 	 1.267217e-08 	 -1.781859e-08 
3.995421e+05 	 1.668600e-09 	 -6.963371e-09 	 1.191257e-08 	 -1.675754e-08 
4.141785e+05 	 1.563624e-09 	 -6.541197e-09 	 1.119892e-08 	 -1.576019e-08 
4.293510e+05 	 1.465354e-09 	 -6.144906e-09 	 1.052842e-08 	 -1.482266e-08 
4.450794e+05 	 1.373354e-09 	 -5.772890e-09 	 9.898428e-09 	 -1.394133e-08 
4.613840e+05 	 1.287218e-09 	 -5.423643e-09 	 9.306469e-09 	 -1.311281e-08 
4.782858e+05 	 1.206566e-09 	 -5.095755e-09 	 8.750224e-09 	 -1.233390e-08 
4.958068e+05 	 1.131043e-09 	 -4.787903e-09 	 8.227516e-09 	 -1.160161e-08 
5.139697e+05 	 1.060319e-09 	 -4.498847e-09 	 7.736301e-09 	 -1.091311e-08 
5.327979e+05 	 9.940822e-10 	 -4.227426e-09 	 7.274664e-09 	 -1.026578e-08 
5.523158e+05 	 9.320448e-10 	 -3.972550e-09 	 6.840805e-09 	 -9.657111e-09 
5.725488e+05 	 8.724359e-10 	 -3.732275e-09 	 6.447266e-09 	 -9.078189e-09 
5.935229e+05 	 8.181145e-10 	 -3.507562e-09 	 6.062945e-09 	 -8.540516e-09 
6.152654e+05 	 7.672245e-10 	 -3.296514e-09 	 5.701720e-09 	 -8.034906e-09 
6.378044e+05 	 7.195457e-10 	 -3.098292e-09 	 5.362191e-09 	 -7.559432e-09 
6.611690e+05 	 6.748724e-10 	 -2.912106e-09 	 5.043043e-09 	 -7.112283e-09 
6.853896e+05 	 6.330121e-10 	 -2.737217e-09 	 4.743040e-09 	 -6.691757e-09 
7.104974e+05 	 5.937850e-10 	 -2.572933e-09 	 4.461022e-09 	 -6.296257e-09 
7.365250e+05 	 5.570230e-10 	 -2.418602e-09 	 4.195902e-09 	 -5.924282e-09 
7.635061e+05 	 5.225687e-10 	 -2.273616e-09 	 3.946658e-09 	 -5.574421e-09 
7.914755e+05 	 4.902750e-10 	 -2.137401e-09 	 3.712330e-09 	 -5.245350e-09 
8.204696e+05 	 4.600045e-10 	 -2.009423e-09 	 3.492018e-09 	 -4.935824e-09 
8.505258e+05 	 4.316285e-10 	 -1.889176e-09 	 3.284876e-09 	 -4.644674e-09 
8.816831e+05 	 4.050266e-10 	 -1.776190e-09 	 3.090110e-09 	 -4.370800e-09 
9.139817e+05 	 3.800862e-10 	 -1.670021e-09 	 2.906974e-09 	 -4.113171e-09 
9.474635e+05 	 3.567022e-10 	 -1.570253e-09 	 2.734767e-09 	 -3.870815e-09 
9.821719e+05 	 3.347758e-10 	 -1.476498e-09 	 2.572832e-09 	 -3.642820e-09 
