1.005072e+00 	 1.491554e+01 	 1.769077e+01 	 2.169720e+01 	 2.212673e+01 
1.013014e+00 	 1.472971e+01 	 1.738723e+01 	 2.138588e+01 	 2.183949e+01 
1.021018e+00 	 1.454636e+01 	 1.708733e+01 	 2.107739e+01 	 2.155440e+01 
1.029085e+00 	 1.436540e+01 	 1.679118e+01 	 2.077154e+01 	 2.127170e+01 
1.037216e+00 	 1.418685e+01 	 1.649864e+01 	 2.046852e+01 	 2.099113e+01 
1.045411e+00 	 1.401064e+01 	 1.620981e+01 	 2.016815e+01 	 2.071292e+01 
1.053671e+00 	 1.383677e+01 	 1.592455e+01 	 1.987062e+01 	 2.043682e+01 
1.061996e+00 	 1.366517e+01 	 1.564297e+01 	 1.957573e+01 	 2.016306e+01 
1.070387e+00 	 1.349587e+01 	 1.536490e+01 	 1.928368e+01 	 1.989140e+01 
1.078845e+00 	 1.332878e+01 	 1.509047e+01 	 1.899428e+01 	 1.962205e+01 
1.087369e+00 	 1.316393e+01 	 1.481952e+01 	 1.870772e+01 	 1.935479e+01 
1.095961e+00 	 1.300124e+01 	 1.455215e+01 	 1.842381e+01 	 1.908983e+01 
1.104620e+00 	 1.284073e+01 	 1.428822e+01 	 1.814275e+01 	 1.882694e+01 
1.113348e+00 	 1.268232e+01 	 1.402782e+01 	 1.786434e+01 	 1.856634e+01 
1.122145e+00 	 1.252604e+01 	 1.377080e+01 	 1.758877e+01 	 1.830779e+01 
1.131011e+00 	 1.237181e+01 	 1.351727e+01 	 1.731587e+01 	 1.805150e+01 
1.139947e+00 	 1.221966e+01 	 1.326707e+01 	 1.704581e+01 	 1.779727e+01 
1.148954e+00 	 1.206951e+01 	 1.302030e+01 	 1.677841e+01 	 1.754529e+01 
1.158032e+00 	 1.192138e+01 	 1.277681e+01 	 1.651385e+01 	 1.729535e+01 
1.167182e+00 	 1.177521e+01 	 1.253670e+01 	 1.625196e+01 	 1.704766e+01 
1.176404e+00 	 1.163101e+01 	 1.229981e+01 	 1.599290e+01 	 1.680200e+01 
1.185699e+00 	 1.148872e+01 	 1.206625e+01 	 1.573651e+01 	 1.655857e+01 
1.195068e+00 	 1.134835e+01 	 1.183585e+01 	 1.548295e+01 	 1.631717e+01 
1.204510e+00 	 1.120985e+01 	 1.160872e+01 	 1.523206e+01 	 1.607799e+01 
1.214027e+00 	 1.107322e+01 	 1.138470e+01 	 1.498398e+01 	 1.584085e+01 
1.223620e+00 	 1.093841e+01 	 1.116388e+01 	 1.473857e+01 	 1.560592e+01 
1.233288e+00 	 1.080542e+01 	 1.094613e+01 	 1.449597e+01 	 1.537301e+01 
1.243032e+00 	 1.067421e+01 	 1.073151e+01 	 1.425603e+01 	 1.514232e+01 
1.252854e+00 	 1.054479e+01 	 1.051991e+01 	 1.401889e+01 	 1.491365e+01 
1.262753e+00 	 1.041710e+01 	 1.031138e+01 	 1.378439e+01 	 1.468719e+01 
1.272730e+00 	 1.029114e+01 	 1.010580e+01 	 1.355268e+01 	 1.446276e+01 
1.282786e+00 	 1.016688e+01 	 9.903252e+00 	 1.332361e+01 	 1.424053e+01 
1.292922e+00 	 1.004431e+01 	 9.703594e+00 	 1.309730e+01 	 1.402034e+01 
1.303137e+00 	 9.923385e+00 	 9.506901e+00 	 1.287362e+01 	 1.380235e+01 
1.313434e+00 	 9.804117e+00 	 9.313046e+00 	 1.265268e+01 	 1.358639e+01 
1.323812e+00 	 9.686450e+00 	 9.122101e+00 	 1.243434e+01 	 1.337264e+01 
1.334271e+00 	 9.570397e+00 	 8.933940e+00 	 1.221874e+01 	 1.316092e+01 
1.344814e+00 	 9.455903e+00 	 8.748632e+00 	 1.200571e+01 	 1.295140e+01 
1.355439e+00 	 9.342980e+00 	 8.566056e+00 	 1.179538e+01 	 1.274393e+01 
1.366149e+00 	 9.231575e+00 	 8.386279e+00 	 1.158761e+01 	 1.253867e+01 
1.376943e+00 	 9.121699e+00 	 8.209183e+00 	 1.138251e+01 	 1.233544e+01 
1.387823e+00 	 9.013299e+00 	 8.034834e+00 	 1.117994e+01 	 1.213443e+01 
1.398788e+00 	 8.906386e+00 	 7.863116e+00 	 1.098001e+01 	 1.193546e+01 
1.409840e+00 	 8.800906e+00 	 7.694094e+00 	 1.078257e+01 	 1.173870e+01 
1.420980e+00 	 8.696871e+00 	 7.527657e+00 	 1.058775e+01 	 1.154399e+01 
1.432207e+00 	 8.594228e+00 	 7.363867e+00 	 1.039538e+01 	 1.135148e+01 
1.443523e+00 	 8.492986e+00 	 7.202615e+00 	 1.020559e+01 	 1.116103e+01 
1.454929e+00 	 8.393094e+00 	 7.043964e+00 	 1.001822e+01 	 1.097278e+01 
1.466425e+00 	 8.294560e+00 	 6.887807e+00 	 9.833390e+00 	 1.078658e+01 
1.478011e+00 	 8.197334e+00 	 6.734205e+00 	 9.650950e+00 	 1.060259e+01 
1.489689e+00 	 8.101424e+00 	 6.583055e+00 	 9.470998e+00 	 1.042064e+01 
1.501460e+00 	 8.006779e+00 	 6.434416e+00 	 9.293402e+00 	 1.024089e+01 
1.513323e+00 	 7.913407e+00 	 6.288187e+00 	 9.118254e+00 	 1.006319e+01 
1.525280e+00 	 7.821258e+00 	 6.144427e+00 	 8.945422e+00 	 9.887678e+00 
1.537332e+00 	 7.730339e+00 	 6.003038e+00 	 8.774996e+00 	 9.714207e+00 
1.549478e+00 	 7.640601e+00 	 5.864074e+00 	 8.606847e+00 	 9.542908e+00 
1.561721e+00 	 7.552052e+00 	 5.727440e+00 	 8.441062e+00 	 9.373645e+00 
1.574061e+00 	 7.464643e+00 	 5.593191e+00 	 8.277514e+00 	 9.206540e+00 
1.586498e+00 	 7.378380e+00 	 5.461232e+00 	 8.116290e+00 	 9.041459e+00 
1.599033e+00 	 7.293217e+00 	 5.331614e+00 	 7.957265e+00 	 8.878519e+00 
1.611667e+00 	 7.209161e+00 	 5.204246e+00 	 7.800523e+00 	 8.717587e+00 
1.624401e+00 	 7.126165e+00 	 5.079176e+00 	 7.645944e+00 	 8.558775e+00 
1.637236e+00 	 7.044236e+00 	 4.956313e+00 	 7.493610e+00 	 8.401951e+00 
1.650172e+00 	 6.963330e+00 	 4.835705e+00 	 7.343404e+00 	 8.247223e+00 
1.663211e+00 	 6.883454e+00 	 4.717260e+00 	 7.195406e+00 	 8.094462e+00 
1.676352e+00 	 6.804565e+00 	 4.601022e+00 	 7.049505e+00 	 7.943769e+00 
1.689597e+00 	 6.726670e+00 	 4.486901e+00 	 6.905778e+00 	 7.795017e+00 
1.702947e+00 	 6.649729e+00 	 4.374939e+00 	 6.764117e+00 	 7.648303e+00 
1.716403e+00 	 6.573748e+00 	 4.265046e+00 	 6.624600e+00 	 7.503501e+00 
1.729964e+00 	 6.498690e+00 	 4.157259e+00 	 6.487122e+00 	 7.360704e+00 
1.743633e+00 	 6.424562e+00 	 4.051489e+00 	 6.351759e+00 	 7.219787e+00 
1.757410e+00 	 6.351326e+00 	 3.947771e+00 	 6.218410e+00 	 7.080842e+00 
1.771295e+00 	 6.278993e+00 	 3.846016e+00 	 6.087151e+00 	 6.943744e+00 
1.785291e+00 	 6.207527e+00 	 3.746255e+00 	 5.957884e+00 	 6.808580e+00 
1.799397e+00 	 6.136937e+00 	 3.648399e+00 	 5.830683e+00 	 6.675229e+00 
1.813614e+00 	 6.067190e+00 	 3.552477e+00 	 5.705452e+00 	 6.543776e+00 
1.827944e+00 	 5.998297e+00 	 3.458400e+00 	 5.582266e+00 	 6.414102e+00 
1.842387e+00 	 5.930226e+00 	 3.366195e+00 	 5.461031e+00 	 6.286289e+00 
1.856944e+00 	 5.862988e+00 	 3.275772e+00 	 5.341819e+00 	 6.160220e+00 
1.871616e+00 	 5.796552e+00 	 3.187157e+00 	 5.224539e+00 	 6.035976e+00 
1.886404e+00 	 5.730931e+00 	 3.100261e+00 	 5.109260e+00 	 5.913445e+00 
1.901309e+00 	 5.666096e+00 	 3.015108e+00 	 4.995893e+00 	 5.792705e+00 
1.916332e+00 	 5.602058e+00 	 2.931610e+00 	 4.884505e+00 	 5.673647e+00 
1.931473e+00 	 5.538790e+00 	 2.849790e+00 	 4.775006e+00 	 5.556350e+00 
1.946734e+00 	 5.476305e+00 	 2.769562e+00 	 4.667462e+00 	 5.440706e+00 
1.962116e+00 	 5.414574e+00 	 2.690948e+00 	 4.561783e+00 	 5.326795e+00 
1.977619e+00 	 5.353611e+00 	 2.613865e+00 	 4.458030e+00 	 5.214515e+00 
1.993244e+00 	 5.293388e+00 	 2.538334e+00 	 4.356114e+00 	 5.103943e+00 
2.008993e+00 	 5.233917e+00 	 2.464276e+00 	 4.256091e+00 	 4.994980e+00 
2.024867e+00 	 5.175172e+00 	 2.391713e+00 	 4.157873e+00 	 4.887705e+00 
2.040866e+00 	 5.117164e+00 	 2.320567e+00 	 4.061512e+00 	 4.782024e+00 
2.056991e+00 	 5.059865e+00 	 2.250863e+00 	 3.966917e+00 	 4.678013e+00 
2.073244e+00 	 5.003286e+00 	 2.182526e+00 	 3.874138e+00 	 4.575582e+00 
2.089625e+00 	 4.947400e+00 	 2.115583e+00 	 3.783082e+00 	 4.474807e+00 
2.106136e+00 	 4.892216e+00 	 2.049962e+00 	 3.693794e+00 	 4.375602e+00 
2.122777e+00 	 4.837706e+00 	 1.985691e+00 	 3.606182e+00 	 4.278040e+00 
2.139549e+00 	 4.783879e+00 	 1.922703e+00 	 3.520286e+00 	 4.182039e+00 
2.156454e+00 	 4.730706e+00 	 1.861027e+00 	 3.436015e+00 	 4.087671e+00 
2.173493e+00 	 4.678194e+00 	 1.800600e+00 	 3.353406e+00 	 3.994854e+00 
2.190666e+00 	 4.626315e+00 	 1.741451e+00 	 3.272365e+00 	 3.903659e+00 
2.207975e+00 	 4.575075e+00 	 1.683522e+00 	 3.192929e+00 	 3.814004e+00 
2.225421e+00 	 4.524444e+00 	 1.626841e+00 	 3.115006e+00 	 3.725958e+00 
2.243004e+00 	 4.474429e+00 	 1.571351e+00 	 3.038628e+00 	 3.639439e+00 
2.260727e+00 	 4.425000e+00 	 1.517084e+00 	 2.963708e+00 	 3.554512e+00 
2.278589e+00 	 4.376162e+00 	 1.463984e+00 	 2.890275e+00 	 3.471095e+00 
2.296593e+00 	 4.327888e+00 	 1.412080e+00 	 2.818246e+00 	 3.389248e+00 
2.314739e+00 	 4.280182e+00 	 1.361317e+00 	 2.747650e+00 	 3.308890e+00 
2.333028e+00 	 4.233017e+00 	 1.311724e+00 	 2.678407e+00 	 3.230074e+00 
2.351462e+00 	 4.186398e+00 	 1.263246e+00 	 2.610548e+00 	 3.152717e+00 
2.370041e+00 	 4.140299e+00 	 1.215909e+00 	 2.543995e+00 	 3.076870e+00 
2.388767e+00 	 4.094726e+00 	 1.169658e+00 	 2.478782e+00 	 3.002448e+00 
2.407641e+00 	 4.049656e+00 	 1.124516e+00 	 2.414835e+00 	 2.929495e+00 
2.426665e+00 	 4.005094e+00 	 1.080427e+00 	 2.352191e+00 	 2.857927e+00 
2.445838e+00 	 3.961019e+00 	 1.037411e+00 	 2.290779e+00 	 2.787785e+00 
2.465163e+00 	 3.917438e+00 	 9.954104e-01 	 2.230638e+00 	 2.718981e+00 
2.484641e+00 	 3.874331e+00 	 9.544425e-01 	 2.171702e+00 	 2.651555e+00 
2.504273e+00 	 3.831707e+00 	 9.144488e-01 	 2.114009e+00 	 2.585421e+00 
2.524060e+00 	 3.789547e+00 	 8.754438e-01 	 2.057497e+00 	 2.520614e+00 
2.544003e+00 	 3.747861e+00 	 8.373686e-01 	 2.002206e+00 	 2.457049e+00 
2.564103e+00 	 3.706633e+00 	 8.002359e-01 	 1.948076e+00 	 2.394764e+00 
2.584363e+00 	 3.665871e+00 	 7.639871e-01 	 1.895144e+00 	 2.333674e+00 
2.604783e+00 	 3.625560e+00 	 7.286340e-01 	 1.843352e+00 	 2.273817e+00 
2.625364e+00 	 3.585710e+00 	 6.941193e-01 	 1.792737e+00 	 2.215114e+00 
2.646107e+00 	 3.546306e+00 	 6.604552e-01 	 1.743238e+00 	 2.157601e+00 
2.667015e+00 	 3.507356e+00 	 6.275870e-01 	 1.694890e+00 	 2.101206e+00 
2.688087e+00 	 3.468845e+00 	 5.955280e-01 	 1.647631e+00 	 2.045967e+00 
2.709326e+00 	 3.430782e+00 	 5.642267e-01 	 1.601493e+00 	 1.991814e+00 
2.730733e+00 	 3.393151e+00 	 5.336989e-01 	 1.556411e+00 	 1.938790e+00 
2.752309e+00 	 3.355957e+00 	 5.038969e-01 	 1.512412e+00 	 1.886829e+00 
2.774056e+00 	 3.319185e+00 	 4.748390e-01 	 1.469431e+00 	 1.835974e+00 
2.795974e+00 	 3.282839e+00 	 4.464816e-01 	 1.427491e+00 	 1.786165e+00 
2.818066e+00 	 3.246902e+00 	 4.188453e-01 	 1.386524e+00 	 1.737445e+00 
2.840332e+00 	 3.211377e+00 	 3.918902e-01 	 1.346549e+00 	 1.689755e+00 
2.862774e+00 	 3.176247e+00 	 3.656385e-01 	 1.307501e+00 	 1.643138e+00 
2.885394e+00 	 3.141514e+00 	 3.400530e-01 	 1.269397e+00 	 1.597537e+00 
2.908192e+00 	 3.107159e+00 	 3.151566e-01 	 1.232170e+00 	 1.552992e+00 
2.931170e+00 	 3.073187e+00 	 2.909129e-01 	 1.195839e+00 	 1.509444e+00 
2.954330e+00 	 3.039577e+00 	 2.673442e-01 	 1.160341e+00 	 1.466931e+00 
2.977673e+00 	 3.006334e+00 	 2.444137e-01 	 1.125695e+00 	 1.425391e+00 
3.001200e+00 	 2.973441e+00 	 2.221412e-01 	 1.091843e+00 	 1.384858e+00 
3.024913e+00 	 2.940903e+00 	 2.004884e-01 	 1.058806e+00 	 1.345267e+00 
3.048814e+00 	 2.908704e+00 	 1.794715e-01 	 1.026533e+00 	 1.306645e+00 
3.072903e+00 	 2.876850e+00 	 1.590495e-01 	 9.950475e-01 	 1.268927e+00 
3.097183e+00 	 2.845330e+00 	 1.392348e-01 	 9.643036e-01 	 1.232134e+00 
3.121654e+00 	 2.814151e+00 	 1.199836e-01 	 9.343297e-01 	 1.196200e+00 
3.146319e+00 	 2.783301e+00 	 1.013045e-01 	 9.050829e-01 	 1.161144e+00 
3.171179e+00 	 2.752792e+00 	 8.315218e-02 	 8.765941e-01 	 1.126898e+00 
3.196235e+00 	 2.722613e+00 	 6.553260e-02 	 8.488232e-01 	 1.093481e+00 
3.221489e+00 	 2.692775e+00 	 4.840002e-02 	 8.218009e-01 	 1.060827e+00 
3.246943e+00 	 2.663269e+00 	 3.176007e-02 	 7.954876e-01 	 1.028958e+00 
3.272597e+00 	 2.634105e+00 	 1.556874e-02 	 7.699116e-01 	 9.978122e-01 
3.298455e+00 	 2.605275e+00 	 -1.666189e-04 	 7.450312e-01 	 9.674139e-01 
3.324517e+00 	 2.576786e+00 	 -1.548614e-02 	 7.208700e-01 	 9.377089e-01 
3.350784e+00 	 2.548629e+00 	 -3.037880e-02 	 6.973825e-01 	 9.087256e-01 
3.377260e+00 	 2.520810e+00 	 -4.487927e-02 	 6.745864e-01 	 8.804168e-01 
3.403944e+00 	 2.493316e+00 	 -5.897177e-02 	 6.524314e-01 	 8.528152e-01 
3.430839e+00 	 2.466151e+00 	 -7.268501e-02 	 6.309296e-01 	 8.258794e-01 
3.457947e+00 	 2.439299e+00 	 -8.599856e-02 	 6.100268e-01 	 7.996451e-01 
3.485269e+00 	 2.412764e+00 	 -9.893607e-02 	 5.897305e-01 	 7.740739e-01 
3.512807e+00 	 2.386528e+00 	 -1.114740e-01 	 5.699852e-01 	 7.492020e-01 
3.540563e+00 	 2.360591e+00 	 -1.236331e-01 	 5.507971e-01 	 7.249910e-01 
3.568537e+00 	 2.334937e+00 	 -1.353893e-01 	 5.321120e-01 	 7.014736e-01 
3.596733e+00 	 2.309565e+00 	 -1.467635e-01 	 5.139381e-01 	 6.786084e-01 
3.625152e+00 	 2.284462e+00 	 -1.577341e-01 	 4.962267e-01 	 6.564220e-01 
3.653795e+00 	 2.259627e+00 	 -1.683252e-01 	 4.789908e-01 	 6.348675e-01 
3.682664e+00 	 2.235048e+00 	 -1.785205e-01 	 4.621893e-01 	 6.139636e-01 
3.711762e+00 	 2.210730e+00 	 -1.883488e-01 	 4.458421e-01 	 5.936575e-01 
3.741089e+00 	 2.186662e+00 	 -1.978006e-01 	 4.299161e-01 	 5.739609e-01 
3.770648e+00 	 2.162853e+00 	 -2.069099e-01 	 4.144376e-01 	 5.548165e-01 
3.800441e+00 	 2.139294e+00 	 -2.156727e-01 	 3.993799e-01 	 5.362317e-01 
3.830469e+00 	 2.115996e+00 	 -2.241267e-01 	 3.847729e-01 	 5.181487e-01 
3.860734e+00 	 2.092954e+00 	 -2.322706e-01 	 3.705926e-01 	 5.005751e-01 
3.891239e+00 	 2.070177e+00 	 -2.401422e-01 	 3.568680e-01 	 4.834568e-01 
3.921984e+00 	 2.047659e+00 	 -2.477389e-01 	 3.435730e-01 	 4.668062e-01 
3.952973e+00 	 2.025411e+00 	 -2.550943e-01 	 3.307310e-01 	 4.505774e-01 
3.984206e+00 	 2.003423e+00 	 -2.622006e-01 	 3.183098e-01 	 4.347907e-01 
4.015686e+00 	 1.981700e+00 	 -2.690839e-01 	 3.063241e-01 	 4.194103e-01 
4.047415e+00 	 1.960233e+00 	 -2.757287e-01 	 2.947335e-01 	 4.044648e-01 
4.079394e+00 	 1.939021e+00 	 -2.821528e-01 	 2.835438e-01 	 3.899271e-01 
4.111627e+00 	 1.918050e+00 	 -2.883335e-01 	 2.727079e-01 	 3.758315e-01 
4.144113e+00 	 1.897319e+00 	 -2.942820e-01 	 2.622259e-01 	 3.621550e-01 
4.176857e+00 	 1.876809e+00 	 -2.999723e-01 	 2.520488e-01 	 3.489316e-01 
4.209859e+00 	 1.856520e+00 	 -3.054135e-01 	 2.421770e-01 	 3.361364e-01 
4.243122e+00 	 1.836434e+00 	 -3.105818e-01 	 2.325661e-01 	 3.237968e-01 
4.276648e+00 	 1.816550e+00 	 -3.154903e-01 	 2.232229e-01 	 3.118798e-01 
4.310439e+00 	 1.796858e+00 	 -3.201225e-01 	 2.141134e-01 	 3.004016e-01 
4.344497e+00 	 1.777358e+00 	 -3.245003e-01 	 2.052555e-01 	 2.893186e-01 
4.378823e+00 	 1.758045e+00 	 -3.286175e-01 	 1.966279e-01 	 2.786354e-01 
4.413421e+00 	 1.738927e+00 	 -3.325058e-01 	 1.882594e-01 	 2.682996e-01 
4.448293e+00 	 1.720001e+00 	 -3.361681e-01 	 1.801385e-01 	 2.583086e-01 
4.483440e+00 	 1.701279e+00 	 -3.396425e-01 	 1.723002e-01 	 2.486080e-01 
4.518864e+00 	 1.682761e+00 	 -3.429356e-01 	 1.647357e-01 	 2.391962e-01 
4.554569e+00 	 1.664458e+00 	 -3.460847e-01 	 1.574772e-01 	 2.300254e-01 
4.590555e+00 	 1.646370e+00 	 -3.490922e-01 	 1.505101e-01 	 2.211038e-01 
4.626826e+00 	 1.628505e+00 	 -3.519871e-01 	 1.438553e-01 	 2.123973e-01 
4.663384e+00 	 1.610855e+00 	 -3.547611e-01 	 1.374855e-01 	 2.039285e-01 
4.700230e+00 	 1.593424e+00 	 -3.574299e-01 	 1.314068e-01 	 1.956789e-01 
4.737368e+00 	 1.576197e+00 	 -3.599728e-01 	 1.255780e-01 	 1.876836e-01 
4.774799e+00 	 1.559172e+00 	 -3.623934e-01 	 1.199934e-01 	 1.799343e-01 
4.812526e+00 	 1.542331e+00 	 -3.646625e-01 	 1.146048e-01 	 1.724704e-01 
4.850550e+00 	 1.525668e+00 	 -3.667791e-01 	 1.094035e-01 	 1.652829e-01 
4.888876e+00 	 1.509165e+00 	 -3.687149e-01 	 1.043453e-01 	 1.584037e-01 
4.927504e+00 	 1.492819e+00 	 -3.704741e-01 	 9.943063e-02 	 1.518123e-01 
4.966437e+00 	 1.476616e+00 	 -3.720388e-01 	 9.462956e-02 	 1.455241e-01 
5.005678e+00 	 1.460558e+00 	 -3.734263e-01 	 8.995879e-02 	 1.395019e-01 
5.045229e+00 	 1.444641e+00 	 -3.746338e-01 	 8.540655e-02 	 1.337437e-01 
5.085092e+00 	 1.428874e+00 	 -3.756922e-01 	 8.100476e-02 	 1.281996e-01 
5.125271e+00 	 1.413256e+00 	 -3.766098e-01 	 7.675339e-02 	 1.228597e-01 
5.165766e+00 	 1.397801e+00 	 -3.774233e-01 	 7.268901e-02 	 1.176735e-01 
5.206582e+00 	 1.382508e+00 	 -3.781411e-01 	 6.880965e-02 	 1.126377e-01 
5.247721e+00 	 1.367388e+00 	 -3.787927e-01 	 6.514172e-02 	 1.077166e-01 
5.289184e+00 	 1.352436e+00 	 -3.793741e-01 	 6.166750e-02 	 1.029253e-01 
5.330975e+00 	 1.337653e+00 	 -3.798974e-01 	 5.839287e-02 	 9.825022e-02 
5.373096e+00 	 1.323025e+00 	 -3.803402e-01 	 5.527933e-02 	 9.372719e-02 
5.415550e+00 	 1.308545e+00 	 -3.806966e-01 	 5.231368e-02 	 8.935961e-02 
5.458340e+00 	 1.294192e+00 	 -3.809308e-01 	 4.944489e-02 	 8.519224e-02 
5.501467e+00 	 1.279956e+00 	 -3.810302e-01 	 4.665489e-02 	 8.122908e-02 
5.544935e+00 	 1.265817e+00 	 -3.809606e-01 	 4.389824e-02 	 7.750476e-02 
5.588747e+00 	 1.251768e+00 	 -3.807194e-01 	 4.117129e-02 	 7.400521e-02 
5.632905e+00 	 1.237798e+00 	 -3.802904e-01 	 3.845140e-02 	 7.074001e-02 
5.677412e+00 	 1.223912e+00 	 -3.796930e-01 	 3.576137e-02 	 6.766863e-02 
5.722270e+00 	 1.210111e+00 	 -3.789352e-01 	 3.310572e-02 	 6.477563e-02 
5.767483e+00 	 1.196411e+00 	 -3.780574e-01 	 3.052923e-02 	 6.200297e-02 
5.813053e+00 	 1.182822e+00 	 -3.770826e-01 	 2.805055e-02 	 5.932710e-02 
5.858983e+00 	 1.169363e+00 	 -3.760566e-01 	 2.571672e-02 	 5.669458e-02 
5.905276e+00 	 1.156043e+00 	 -3.749979e-01 	 2.353738e-02 	 5.409732e-02 
5.951935e+00 	 1.142875e+00 	 -3.739379e-01 	 2.153953e-02 	 5.150723e-02 
5.998963e+00 	 1.129859e+00 	 -3.728741e-01 	 1.970654e-02 	 4.894552e-02 
6.046362e+00 	 1.116996e+00 	 -3.718132e-01 	 1.803665e-02 	 4.641343e-02 
6.094136e+00 	 1.104275e+00 	 -3.707303e-01 	 1.648877e-02 	 4.395444e-02 
6.142287e+00 	 1.091689e+00 	 -3.696159e-01 	 1.504477e-02 	 4.158203e-02 
6.190818e+00 	 1.079223e+00 	 -3.684386e-01 	 1.365979e-02 	 3.933803e-02 
6.239733e+00 	 1.066872e+00 	 -3.671928e-01 	 1.232413e-02 	 3.722212e-02 
6.289035e+00 	 1.054626e+00 	 -3.658618e-01 	 1.101290e-02 	 3.525181e-02 
6.338726e+00 	 1.042490e+00 	 -3.644605e-01 	 9.742295e-03 	 3.339870e-02 
6.388809e+00 	 1.030466e+00 	 -3.629950e-01 	 8.514365e-03 	 3.165357e-02 
6.439289e+00 	 1.018568e+00 	 -3.614989e-01 	 7.365805e-03 	 2.997019e-02 
6.490167e+00 	 1.006803e+00 	 -3.599886e-01 	 6.308688e-03 	 2.833362e-02 
6.541447e+00 	 9.951846e-01 	 -3.584963e-01 	 5.375428e-03 	 2.670695e-02 
6.593132e+00 	 9.837140e-01 	 -3.570255e-01 	 4.561184e-03 	 2.509646e-02 
6.645226e+00 	 9.723943e-01 	 -3.555863e-01 	 3.871587e-03 	 2.349468e-02 
6.697732e+00 	 9.612142e-01 	 -3.541567e-01 	 3.272590e-03 	 2.193715e-02 
6.750652e+00 	 9.501647e-01 	 -3.527230e-01 	 2.744508e-03 	 2.043928e-02 
6.803990e+00 	 9.392267e-01 	 -3.512484e-01 	 2.239460e-03 	 1.904589e-02 
6.857750e+00 	 9.283892e-01 	 -3.497165e-01 	 1.738302e-03 	 1.776650e-02 
6.911934e+00 	 9.176375e-01 	 -3.481009e-01 	 1.209246e-03 	 1.662481e-02 
6.966547e+00 	 9.069704e-01 	 -3.464063e-01 	 6.599372e-04 	 1.560044e-02 
7.021591e+00 	 8.963860e-01 	 -3.446328e-01 	 9.008826e-05 	 1.468505e-02 
7.077070e+00 	 8.858952e-01 	 -3.428091e-01 	 -4.657404e-04 	 1.383376e-02 
7.132988e+00 	 8.755045e-01 	 -3.409513e-01 	 -9.918491e-04 	 1.302691e-02 
7.189347e+00 	 8.652269e-01 	 -3.390907e-01 	 -1.453782e-03 	 1.222556e-02 
7.246152e+00 	 8.550650e-01 	 -3.372333e-01 	 -1.850791e-03 	 1.143038e-02 
7.303405e+00 	 8.450224e-01 	 -3.353899e-01 	 -2.174301e-03 	 1.063204e-02 
7.361111e+00 	 8.350904e-01 	 -3.335428e-01 	 -2.451338e-03 	 9.860017e-03 
7.419273e+00 	 8.252634e-01 	 -3.316832e-01 	 -2.694957e-03 	 9.125060e-03 
7.477894e+00 	 8.155282e-01 	 -3.297850e-01 	 -2.939774e-03 	 8.460683e-03 
7.536978e+00 	 8.058811e-01 	 -3.278443e-01 	 -3.190587e-03 	 7.865372e-03 
7.596530e+00 	 7.963171e-01 	 -3.258524e-01 	 -3.459647e-03 	 7.347140e-03 
7.656551e+00 	 7.868441e-01 	 -3.238292e-01 	 -3.723439e-03 	 6.875259e-03 
7.717047e+00 	 7.774682e-01 	 -3.217888e-01 	 -3.968714e-03 	 6.433855e-03 
7.778022e+00 	 7.682040e-01 	 -3.197642e-01 	 -4.158862e-03 	 5.982940e-03 
7.839477e+00 	 7.590579e-01 	 -3.177689e-01 	 -4.283872e-03 	 5.514554e-03 
7.901419e+00 	 7.500374e-01 	 -3.158211e-01 	 -4.326525e-03 	 5.012178e-03 
7.963850e+00 	 7.411374e-01 	 -3.139106e-01 	 -4.304955e-03 	 4.497917e-03 
8.026774e+00 	 7.323529e-01 	 -3.120308e-01 	 -4.229799e-03 	 3.982326e-03 
8.090195e+00 	 7.236695e-01 	 -3.101545e-01 	 -4.136466e-03 	 3.501402e-03 
8.154117e+00 	 7.150790e-01 	 -3.082703e-01 	 -4.037604e-03 	 3.063017e-03 
8.218545e+00 	 7.065700e-01 	 -3.063594e-01 	 -3.955337e-03 	 2.685310e-03 
8.283481e+00 	 6.981413e-01 	 -3.044265e-01 	 -3.881241e-03 	 2.352238e-03 
8.348931e+00 	 6.897891e-01 	 -3.024691e-01 	 -3.817775e-03 	 2.061755e-03 
8.414897e+00 	 6.815161e-01 	 -3.004999e-01 	 -3.747910e-03 	 1.790927e-03 
8.481385e+00 	 6.733172e-01 	 -2.985125e-01 	 -3.679565e-03 	 1.545899e-03 
8.548399e+00 	 6.651892e-01 	 -2.965063e-01 	 -3.612563e-03 	 1.323032e-03 
8.615941e+00 	 6.571205e-01 	 -2.944598e-01 	 -3.572906e-03 	 1.147473e-03 
8.684018e+00 	 6.491049e-01 	 -2.923646e-01 	 -3.569132e-03 	 1.023596e-03 
8.752632e+00 	 6.411349e-01 	 -2.902065e-01 	 -3.618104e-03 	 9.657320e-04 
8.821788e+00 	 6.332160e-01 	 -2.879998e-01 	 -3.702193e-03 	 9.510452e-04 
8.891491e+00 	 6.253567e-01 	 -2.857611e-01 	 -3.803394e-03 	 9.598937e-04 
8.961745e+00 	 6.175762e-01 	 -2.835313e-01 	 -3.875852e-03 	 9.447797e-04 
9.032554e+00 	 6.098887e-01 	 -2.813374e-01 	 -3.893167e-03 	 8.830935e-04 
9.103922e+00 	 6.023079e-01 	 -2.792074e-01 	 -3.827807e-03 	 7.512447e-04 
9.175854e+00 	 5.948323e-01 	 -2.771361e-01 	 -3.692457e-03 	 5.690673e-04 
9.248354e+00 	 5.874559e-01 	 -2.751119e-01 	 -3.504667e-03 	 3.576657e-04 
9.321427e+00 	 5.801617e-01 	 -2.730997e-01 	 -3.308595e-03 	 1.639404e-04 
9.395078e+00 	 5.729383e-01 	 -2.710796e-01 	 -3.126806e-03 	 7.257362e-06 
9.469311e+00 	 5.657752e-01 	 -2.690326e-01 	 -2.980417e-03 	 -9.508774e-05 
9.544130e+00 	 5.586750e-01 	 -2.669691e-01 	 -2.854203e-03 	 -1.652121e-04 
9.619540e+00 	 5.516409e-01 	 -2.648982e-01 	 -2.736506e-03 	 -2.182955e-04 
9.695546e+00 	 5.446808e-01 	 -2.628404e-01 	 -2.602447e-03 	 -2.824329e-04 
9.772152e+00 	 5.377923e-01 	 -2.607920e-01 	 -2.458032e-03 	 -3.505158e-04 
9.849364e+00 	 5.309708e-01 	 -2.587452e-01 	 -2.312587e-03 	 -4.134215e-04 
9.927186e+00 	 5.242027e-01 	 -2.566722e-01 	 -2.200306e-03 	 -4.360941e-04 
1.000562e+01 	 5.174823e-01 	 -2.545620e-01 	 -2.132955e-03 	 -4.098180e-04 
1.008468e+01 	 5.108083e-01 	 -2.524113e-01 	 -2.114753e-03 	 -3.327304e-04 
1.016436e+01 	 5.041961e-01 	 -2.502514e-01 	 -2.108957e-03 	 -2.453061e-04 
1.024467e+01 	 4.976633e-01 	 -2.481165e-01 	 -2.078838e-03 	 -1.833748e-04 
1.032562e+01 	 4.912308e-01 	 -2.460482e-01 	 -1.979821e-03 	 -1.888853e-04 
1.040720e+01 	 4.849045e-01 	 -2.440556e-01 	 -1.807668e-03 	 -2.588968e-04 
1.048943e+01 	 4.786812e-01 	 -2.421317e-01 	 -1.575157e-03 	 -3.752496e-04 
1.057231e+01 	 4.725438e-01 	 -2.402407e-01 	 -1.327857e-03 	 -4.879346e-04 
1.065584e+01 	 4.664795e-01 	 -2.383596e-01 	 -1.092296e-03 	 -5.720502e-04 
1.074004e+01 	 4.604794e-01 	 -2.364740e-01 	 -8.837398e-04 	 -6.156195e-04 
1.082490e+01 	 4.545505e-01 	 -2.346042e-01 	 -6.752188e-04 	 -6.515337e-04 
1.091043e+01 	 4.487000e-01 	 -2.327711e-01 	 -4.414182e-04 	 -7.074204e-04 
1.099663e+01 	 4.429342e-01 	 -2.309946e-01 	 -1.576027e-04 	 -8.091331e-04 
1.108352e+01 	 4.372411e-01 	 -2.292570e-01 	 1.553144e-04 	 -9.336129e-04 
1.117109e+01 	 4.316003e-01 	 -2.275241e-01 	 4.604401e-04 	 -1.044813e-03 
1.125936e+01 	 4.259829e-01 	 -2.257448e-01 	 7.018469e-04 	 -1.089660e-03 
1.134832e+01 	 4.203729e-01 	 -2.238953e-01 	 8.592752e-04 	 -1.056079e-03 
1.143799e+01 	 4.147657e-01 	 -2.219733e-01 	 9.359945e-04 	 -9.550289e-04 
1.152836e+01 	 4.091737e-01 	 -2.200100e-01 	 9.737313e-04 	 -8.350513e-04 
1.161945e+01 	 4.036073e-01 	 -2.180282e-01 	 9.995819e-04 	 -7.237759e-04 
1.171126e+01 	 3.980730e-01 	 -2.160411e-01 	 1.027926e-03 	 -6.335584e-04 
1.180379e+01 	 3.925642e-01 	 -2.140305e-01 	 1.034524e-03 	 -5.353350e-04 
1.189705e+01 	 3.870773e-01 	 -2.119851e-01 	 1.004120e-03 	 -4.121068e-04 
1.199106e+01 	 3.816153e-01 	 -2.099041e-01 	 9.335817e-04 	 -2.596531e-04 
1.208580e+01 	 3.761998e-01 	 -2.078254e-01 	 8.650093e-04 	 -1.205851e-04 
1.218129e+01 	 3.708548e-01 	 -2.057902e-01 	 8.412233e-04 	 -3.412928e-05 
1.227754e+01 	 3.656001e-01 	 -2.038315e-01 	 8.949235e-04 	 -2.733529e-05 
1.237455e+01 	 3.604334e-01 	 -2.019361e-01 	 1.003892e-03 	 -6.969423e-05 
1.247232e+01 	 3.553418e-01 	 -2.000719e-01 	 1.126775e-03 	 -1.156206e-04 
1.257087e+01 	 3.503089e-01 	 -1.982002e-01 	 1.217031e-03 	 -1.180074e-04 
1.267019e+01 	 3.453370e-01 	 -1.963229e-01 	 1.278405e-03 	 -8.518569e-05 
1.277030e+01 	 3.404401e-01 	 -1.944662e-01 	 1.341247e-03 	 -5.049138e-05 
1.287120e+01 	 3.356392e-01 	 -1.926712e-01 	 1.452086e-03 	 -6.098830e-05 
1.297290e+01 	 3.309393e-01 	 -1.909445e-01 	 1.614702e-03 	 -1.159016e-04 
1.307540e+01 	 3.263323e-01 	 -1.892691e-01 	 1.806747e-03 	 -1.893190e-04 
1.317871e+01 	 3.218013e-01 	 -1.876107e-01 	 1.987390e-03 	 -2.390319e-04 
1.328284e+01 	 3.173428e-01 	 -1.859663e-01 	 2.155792e-03 	 -2.681626e-04 
1.338779e+01 	 3.129621e-01 	 -1.843529e-01 	 2.334520e-03 	 -3.031155e-04 
1.349357e+01 	 3.086683e-01 	 -1.827974e-01 	 2.557911e-03 	 -3.809999e-04 
1.360019e+01 	 3.044503e-01 	 -1.812853e-01 	 2.810557e-03 	 -4.854624e-04 
1.370765e+01 	 3.002816e-01 	 -1.797721e-01 	 3.044686e-03 	 -5.698366e-04 
1.381595e+01 	 2.961291e-01 	 -1.782001e-01 	 3.199087e-03 	 -5.770924e-04 
1.392512e+01 	 2.919817e-01 	 -1.765567e-01 	 3.267068e-03 	 -5.095697e-04 
1.403514e+01 	 2.878474e-01 	 -1.748653e-01 	 3.281473e-03 	 -4.069696e-04 
1.414604e+01 	 2.837450e-01 	 -1.731681e-01 	 3.293639e-03 	 -3.230230e-04 
1.425781e+01 	 2.796774e-01 	 -1.714705e-01 	 3.307309e-03 	 -2.571174e-04 
1.437046e+01 	 2.756377e-01 	 -1.697554e-01 	 3.299637e-03 	 -1.819418e-04 
1.448401e+01 	 2.716195e-01 	 -1.680045e-01 	 3.246722e-03 	 -7.085102e-05 
1.459845e+01 	 2.676394e-01 	 -1.662477e-01 	 3.181489e-03 	 4.270523e-05 
1.471379e+01 	 2.637238e-01 	 -1.645332e-01 	 3.156051e-03 	 1.091189e-04 
1.483005e+01 	 2.598921e-01 	 -1.628955e-01 	 3.204839e-03 	 9.961665e-05 
1.494722e+01 	 2.561348e-01 	 -1.613105e-01 	 3.294124e-03 	 5.571688e-05 
1.506533e+01 	 2.524330e-01 	 -1.597382e-01 	 3.375441e-03 	 2.829060e-05 
1.518436e+01 	 2.487764e-01 	 -1.581583e-01 	 3.426608e-03 	 3.700668e-05 
1.530433e+01 	 2.451782e-01 	 -1.566009e-01 	 3.485427e-03 	 3.895305e-05 
1.542526e+01 	 2.416489e-01 	 -1.550907e-01 	 3.580579e-03 	 4.900094e-06 
1.554714e+01 	 2.381819e-01 	 -1.536173e-01 	 3.699902e-03 	 -5.107616e-05 
1.566998e+01 	 2.347520e-01 	 -1.521324e-01 	 3.787435e-03 	 -7.170778e-05 
1.579379e+01 	 2.313486e-01 	 -1.506190e-01 	 3.827198e-03 	 -4.525881e-05 
1.591858e+01 	 2.279826e-01 	 -1.491037e-01 	 3.852870e-03 	 -1.002290e-05 
1.604436e+01 	 2.246732e-01 	 -1.476304e-01 	 3.916525e-03 	 -1.940111e-05 
1.617113e+01 	 2.214148e-01 	 -1.461898e-01 	 4.005826e-03 	 -5.706257e-05 
1.629890e+01 	 2.181849e-01 	 -1.447392e-01 	 4.071435e-03 	 -7.190161e-05 
1.642768e+01 	 2.149672e-01 	 -1.432487e-01 	 4.081265e-03 	 -3.451330e-05 
1.655748e+01 	 2.117744e-01 	 -1.417482e-01 	 4.073786e-03 	 1.113767e-05 
1.668830e+01 	 2.086221e-01 	 -1.402705e-01 	 4.086950e-03 	 2.678806e-05 
1.682016e+01 	 2.055076e-01 	 -1.388091e-01 	 4.111345e-03 	 2.537629e-05 
1.695306e+01 	 2.024110e-01 	 -1.373204e-01 	 4.094143e-03 	 6.290341e-05 
1.708701e+01 	 1.993340e-01 	 -1.358048e-01 	 4.036198e-03 	 1.364795e-04 
1.722202e+01 	 1.963018e-01 	 -1.343101e-01 	 3.991209e-03 	 1.913495e-04 
1.735809e+01 	 1.933382e-01 	 -1.328802e-01 	 4.006160e-03 	 1.841486e-04 
1.749524e+01 	 1.904340e-01 	 -1.314913e-01 	 4.047783e-03 	 1.553880e-04 
1.763347e+01 	 1.875722e-01 	 -1.301068e-01 	 4.072159e-03 	 1.508780e-04 
1.777280e+01 	 1.847547e-01 	 -1.287321e-01 	 4.086563e-03 	 1.603450e-04 
1.791323e+01 	 1.820014e-01 	 -1.274113e-01 	 4.143616e-03 	 1.283483e-04 
1.805476e+01 	 1.793072e-01 	 -1.261378e-01 	 4.235177e-03 	 6.544209e-05 
1.819742e+01 	 1.766446e-01 	 -1.248611e-01 	 4.303803e-03 	 2.985966e-05 
1.834120e+01 	 1.739961e-01 	 -1.235518e-01 	 4.319671e-03 	 4.714163e-05 
1.848612e+01 	 1.713778e-01 	 -1.222503e-01 	 4.334096e-03 	 5.971453e-05 
1.863218e+01 	 1.687998e-01 	 -1.209819e-01 	 4.377044e-03 	 3.788956e-05 
1.877940e+01 	 1.662451e-01 	 -1.197154e-01 	 4.411959e-03 	 2.125302e-05 
1.892778e+01 	 1.636924e-01 	 -1.184096e-01 	 4.392332e-03 	 5.587795e-05 
1.907733e+01 	 1.611556e-01 	 -1.170955e-01 	 4.356908e-03 	 9.836421e-05 
1.922806e+01 	 1.586547e-01 	 -1.158144e-01 	 4.352589e-03 	 1.021995e-04 
1.937999e+01 	 1.561831e-01 	 -1.145506e-01 	 4.358436e-03 	 9.303170e-05 
1.953311e+01 	 1.537198e-01 	 -1.132582e-01 	 4.319621e-03 	 1.280020e-04 
1.968745e+01 	 1.512782e-01 	 -1.119623e-01 	 4.265989e-03 	 1.740839e-04 
1.984300e+01 	 1.488847e-01 	 -1.107138e-01 	 4.254423e-03 	 1.750165e-04 
1.999979e+01 	 1.465384e-01 	 -1.095069e-01 	 4.274058e-03 	 1.470379e-04 
2.015781e+01 	 1.442165e-01 	 -1.082920e-01 	 4.265715e-03 	 1.522625e-04 
2.031708e+01 	 1.419268e-01 	 -1.070864e-01 	 4.251103e-03 	 1.650627e-04 
2.047761e+01 	 1.396893e-01 	 -1.059322e-01 	 4.279587e-03 	 1.347184e-04 
2.063941e+01 	 1.374931e-01 	 -1.048094e-01 	 4.327491e-03 	 8.772425e-05 
2.080249e+01 	 1.353080e-01 	 -1.036597e-01 	 4.328544e-03 	 9.018784e-05 
2.096685e+01 	 1.331408e-01 	 -1.025017e-01 	 4.309195e-03 	 1.094186e-04 
2.113251e+01 	 1.310098e-01 	 -1.013755e-01 	 4.316975e-03 	 9.626397e-05 
2.129949e+01 	 1.289027e-01 	 -1.002563e-01 	 4.321779e-03 	 8.430559e-05 
2.146778e+01 	 1.267998e-01 	 -9.910319e-02 	 4.276231e-03 	 1.213524e-04 
2.163740e+01 	 1.247234e-01 	 -9.796137e-02 	 4.234062e-03 	 1.500376e-04 
2.180836e+01 	 1.226922e-01 	 -9.686632e-02 	 4.233533e-03 	 1.348009e-04 
2.198067e+01 	 1.206889e-01 	 -9.578021e-02 	 4.227514e-03 	 1.279606e-04 
2.215435e+01 	 1.187038e-01 	 -9.468213e-02 	 4.191858e-03 	 1.529174e-04 
2.232939e+01 	 1.167629e-01 	 -9.362690e-02 	 4.191240e-03 	 1.418996e-04 
2.250582e+01 	 1.148644e-01 	 -9.261198e-02 	 4.220950e-03 	 1.029854e-04 
2.268365e+01 	 1.129805e-01 	 -9.158377e-02 	 4.219527e-03 	 9.885771e-05 
2.286288e+01 	 1.111135e-01 	 -9.055226e-02 	 4.202316e-03 	 1.092267e-04 
2.304352e+01 	 1.092821e-01 	 -8.956069e-02 	 4.221467e-03 	 7.978830e-05 
2.322559e+01 	 1.074625e-01 	 -8.856343e-02 	 4.223718e-03 	 6.703750e-05 
2.340910e+01 	 1.056405e-01 	 -8.753442e-02 	 4.181622e-03 	 9.584913e-05 
2.359406e+01 	 1.038396e-01 	 -8.652313e-02 	 4.154394e-03 	 1.034763e-04 
2.378048e+01 	 1.020629e-01 	 -8.553448e-02 	 4.145670e-03 	 8.969707e-05 
2.396838e+01 	 1.002873e-01 	 -8.451769e-02 	 4.094968e-03 	 1.178777e-04 
2.415776e+01 	 9.853339e-02 	 -8.351225e-02 	 4.048896e-03 	 1.382217e-04 
2.434863e+01 	 9.681974e-02 	 -8.255189e-02 	 4.043969e-03 	 1.165971e-04 
2.454102e+01 	 9.512468e-02 	 -8.158844e-02 	 4.021913e-03 	 1.155981e-04 
2.473492e+01 	 9.344819e-02 	 -8.062037e-02 	 3.982368e-03 	 1.328426e-04 
2.493036e+01 	 9.181587e-02 	 -7.969970e-02 	 3.986291e-03 	 1.055349e-04 
2.512734e+01 	 9.020576e-02 	 -7.878025e-02 	 3.978711e-03 	 9.251932e-05 
2.532587e+01 	 8.860709e-02 	 -7.784064e-02 	 3.937148e-03 	 1.135549e-04 
2.552598e+01 	 8.704538e-02 	 -7.693339e-02 	 3.923892e-03 	 1.032602e-04 
2.572767e+01 	 8.551163e-02 	 -7.603861e-02 	 3.913929e-03 	 9.047057e-05 
2.593095e+01 	 8.398832e-02 	 -7.511922e-02 	 3.864379e-03 	 1.181616e-04 
2.613583e+01 	 8.250551e-02 	 -7.423667e-02 	 3.847313e-03 	 1.111701e-04 
2.634234e+01 	 8.105707e-02 	 -7.337707e-02 	 3.843732e-03 	 9.307076e-05 
2.655047e+01 	 7.962358e-02 	 -7.250182e-02 	 3.809138e-03 	 1.087687e-04 
2.676025e+01 	 7.822755e-02 	 -7.166042e-02 	 3.802736e-03 	 9.544711e-05 
2.697169e+01 	 7.686233e-02 	 -7.084291e-02 	 3.812284e-03 	 6.807967e-05 
2.718480e+01 	 7.550094e-02 	 -6.999931e-02 	 3.781743e-03 	 8.217375e-05 
2.739959e+01 	 7.416631e-02 	 -6.918322e-02 	 3.776904e-03 	 6.687216e-05 
2.761608e+01 	 7.284523e-02 	 -6.837162e-02 	 3.770873e-03 	 5.176683e-05 
2.783429e+01 	 7.151835e-02 	 -6.752845e-02 	 3.723978e-03 	 7.521462e-05 
2.805421e+01 	 7.021126e-02 	 -6.670750e-02 	 3.700210e-03 	 6.993359e-05 
2.827587e+01 	 6.891359e-02 	 -6.588508e-02 	 3.669767e-03 	 6.993569e-05 
2.849929e+01 	 6.761653e-02 	 -6.503924e-02 	 3.606921e-03 	 1.006415e-04 
2.872447e+01 	 6.635360e-02 	 -6.423368e-02 	 3.584307e-03 	 8.841198e-05 
2.895142e+01 	 6.510612e-02 	 -6.342313e-02 	 3.545417e-03 	 9.542692e-05 
2.918017e+01 	 6.388115e-02 	 -6.261767e-02 	 3.502020e-03 	 1.079172e-04 
2.941073e+01 	 6.269945e-02 	 -6.185635e-02 	 3.497886e-03 	 8.268843e-05 
2.964311e+01 	 6.153470e-02 	 -6.108366e-02 	 3.467418e-03 	 8.833916e-05 
2.987733e+01 	 6.040066e-02 	 -6.032955e-02 	 3.447848e-03 	 8.322314e-05 
3.011340e+01 	 5.930009e-02 	 -5.960198e-02 	 3.448151e-03 	 5.965381e-05 
3.035133e+01 	 5.820604e-02 	 -5.884901e-02 	 3.409359e-03 	 7.665318e-05 
3.059114e+01 	 5.714522e-02 	 -5.812985e-02 	 3.402456e-03 	 5.913808e-05 
3.083285e+01 	 5.609621e-02 	 -5.740297e-02 	 3.377910e-03 	 6.047311e-05 
3.107647e+01 	 5.505921e-02 	 -5.667226e-02 	 3.342035e-03 	 7.165648e-05 
3.132201e+01 	 5.405044e-02 	 -5.597338e-02 	 3.335654e-03 	 5.216303e-05 
3.156949e+01 	 5.304293e-02 	 -5.525317e-02 	 3.296463e-03 	 6.685243e-05 
3.181893e+01 	 5.205717e-02 	 -5.455691e-02 	 3.278849e-03 	 5.752776e-05 
3.207034e+01 	 5.108295e-02 	 -5.386535e-02 	 3.259188e-03 	 5.094030e-05 
3.232373e+01 	 5.011028e-02 	 -5.315994e-02 	 3.217546e-03 	 6.516983e-05 
3.257913e+01 	 4.916115e-02 	 -5.248663e-02 	 3.207306e-03 	 4.589787e-05 
3.283654e+01 	 4.820681e-02 	 -5.178501e-02 	 3.157309e-03 	 6.715879e-05 
3.309599e+01 	 4.727619e-02 	 -5.111301e-02 	 3.135637e-03 	 5.741808e-05 
3.335749e+01 	 4.635525e-02 	 -5.043789e-02 	 3.101441e-03 	 6.197960e-05 
3.362105e+01 	 4.544932e-02 	 -4.976816e-02 	 3.065057e-03 	 6.851367e-05 
3.388670e+01 	 4.457061e-02 	 -4.912617e-02 	 3.050805e-03 	 5.404812e-05 
3.415445e+01 	 4.369970e-02 	 -4.847083e-02 	 3.010578e-03 	 6.788137e-05 
3.442431e+01 	 4.286087e-02 	 -4.785269e-02 	 3.003871e-03 	 4.794966e-05 
3.469630e+01 	 4.202890e-02 	 -4.722118e-02 	 2.971187e-03 	 5.682336e-05 
3.497045e+01 	 4.121943e-02 	 -4.661179e-02 	 2.956011e-03 	 4.698523e-05 
3.524676e+01 	 4.042185e-02 	 -4.600545e-02 	 2.935370e-03 	 4.420890e-05 
3.552525e+01 	 3.963266e-02 	 -4.539885e-02 	 2.907551e-03 	 4.762129e-05 
3.580594e+01 	 3.886049e-02 	 -4.481296e-02 	 2.896833e-03 	 3.366172e-05 
3.608885e+01 	 3.808435e-02 	 -4.420752e-02 	 2.857817e-03 	 4.746128e-05 
3.637400e+01 	 3.732743e-02 	 -4.363208e-02 	 2.848823e-03 	 2.909910e-05 
3.666139e+01 	 3.656136e-02 	 -4.302809e-02 	 2.801810e-03 	 4.858349e-05 
3.695106e+01 	 3.581609e-02 	 -4.245542e-02 	 2.787042e-03 	 3.290670e-05 
3.724302e+01 	 3.506652e-02 	 -4.185777e-02 	 2.737261e-03 	 5.303195e-05 
3.753729e+01 	 3.434265e-02 	 -4.129167e-02 	 2.718000e-03 	 4.085840e-05 
3.783388e+01 	 3.362598e-02 	 -4.071256e-02 	 2.674580e-03 	 5.538650e-05 
3.813281e+01 	 3.293962e-02 	 -4.016373e-02 	 2.657196e-03 	 4.405517e-05 
3.843411e+01 	 3.226938e-02 	 -3.961319e-02 	 2.626595e-03 	 4.952133e-05 
3.873778e+01 	 3.162697e-02 	 -3.908664e-02 	 2.613947e-03 	 3.783908e-05 
3.904386e+01 	 3.099915e-02 	 -3.856070e-02 	 2.592059e-03 	 3.781418e-05 
3.935235e+01 	 3.038842e-02 	 -3.804735e-02 	 2.577349e-03 	 3.006022e-05 
3.966328e+01 	 2.978524e-02 	 -3.753365e-02 	 2.555448e-03 	 2.974934e-05 
3.997667e+01 	 2.918870e-02 	 -3.702451e-02 	 2.534034e-03 	 2.710256e-05 
4.029254e+01 	 2.859428e-02 	 -3.651502e-02 	 2.507421e-03 	 2.865512e-05 
4.061090e+01 	 2.800186e-02 	 -3.600735e-02 	 2.478645e-03 	 3.049945e-05 
4.093177e+01 	 2.741293e-02 	 -3.550406e-02 	 2.449364e-03 	 3.232320e-05 
4.125518e+01 	 2.682863e-02 	 -3.500567e-02 	 2.419565e-03 	 3.415002e-05 
4.158115e+01 	 2.625211e-02 	 -3.451592e-02 	 2.392162e-03 	 3.418202e-05 
4.190969e+01 	 2.568362e-02 	 -3.403280e-02 	 2.364289e-03 	 3.529025e-05 
4.224083e+01 	 2.512667e-02 	 -3.356130e-02 	 2.340743e-03 	 3.343269e-05 
4.257458e+01 	 2.457990e-02 	 -3.309817e-02 	 2.317788e-03 	 3.219728e-05 
4.291097e+01 	 2.404403e-02 	 -3.264598e-02 	 2.298650e-03 	 2.840350e-05 
4.325002e+01 	 2.351488e-02 	 -3.219897e-02 	 2.277830e-03 	 2.684557e-05 
4.359175e+01 	 2.299210e-02 	 -3.175946e-02 	 2.259024e-03 	 2.348477e-05 
4.393618e+01 	 2.247154e-02 	 -3.132196e-02 	 2.237336e-03 	 2.252014e-05 
4.428333e+01 	 2.195307e-02 	 -3.088782e-02 	 2.215456e-03 	 2.088936e-05 
4.463322e+01 	 2.143470e-02 	 -3.045236e-02 	 2.188918e-03 	 2.266723e-05 
4.498587e+01 	 2.092030e-02 	 -3.001980e-02 	 2.162537e-03 	 2.335670e-05 
4.534132e+01 	 2.041205e-02 	 -2.958855e-02 	 2.134061e-03 	 2.564986e-05 
4.569957e+01 	 1.991572e-02 	 -2.916305e-02 	 2.107732e-03 	 2.601169e-05 
4.606065e+01 	 1.943420e-02 	 -2.874188e-02 	 2.081163e-03 	 2.733772e-05 
4.642459e+01 	 1.897260e-02 	 -2.832944e-02 	 2.058653e-03 	 2.590479e-05 
4.679140e+01 	 1.853132e-02 	 -2.792330e-02 	 2.037262e-03 	 2.474977e-05 
4.716111e+01 	 1.811100e-02 	 -2.752473e-02 	 2.018807e-03 	 2.188283e-05 
4.753374e+01 	 1.770826e-02 	 -2.712983e-02 	 1.999648e-03 	 2.041443e-05 
4.790931e+01 	 1.732125e-02 	 -2.673962e-02 	 1.981816e-03 	 1.788141e-05 
4.828785e+01 	 1.694516e-02 	 -2.635030e-02 	 1.961890e-03 	 1.713777e-05 
4.866939e+01 	 1.657760e-02 	 -2.596272e-02 	 1.941432e-03 	 1.629130e-05 
4.905393e+01 	 1.621553e-02 	 -2.557499e-02 	 1.918423e-03 	 1.721696e-05 
4.944152e+01 	 1.585918e-02 	 -2.519005e-02 	 1.895772e-03 	 1.726218e-05 
4.983217e+01 	 1.550760e-02 	 -2.480698e-02 	 1.871795e-03 	 1.836191e-05 
5.022590e+01 	 1.516240e-02 	 -2.442879e-02 	 1.849018e-03 	 1.839970e-05 
5.062275e+01 	 1.482380e-02 	 -2.405529e-02 	 1.826373e-03 	 1.876627e-05 
5.102273e+01 	 1.449319e-02 	 -2.368897e-02 	 1.806037e-03 	 1.755788e-05 
5.142587e+01 	 1.416932e-02 	 -2.332807e-02 	 1.785854e-03 	 1.682547e-05 
5.183220e+01 	 1.385179e-02 	 -2.297334e-02 	 1.766822e-03 	 1.537712e-05 
5.224173e+01 	 1.353864e-02 	 -2.262278e-02 	 1.746983e-03 	 1.484900e-05 
5.265451e+01 	 1.322938e-02 	 -2.227709e-02 	 1.727398e-03 	 1.400003e-05 
5.307054e+01 	 1.292279e-02 	 -2.193473e-02 	 1.706463e-03 	 1.427280e-05 
5.348986e+01 	 1.261972e-02 	 -2.159731e-02 	 1.685813e-03 	 1.415004e-05 
5.391250e+01 	 1.232039e-02 	 -2.126432e-02 	 1.664527e-03 	 1.471652e-05 
5.433847e+01 	 1.202647e-02 	 -2.093790e-02 	 1.644527e-03 	 1.437824e-05 
5.476781e+01 	 1.173802e-02 	 -2.061748e-02 	 1.624894e-03 	 1.421031e-05 
5.520054e+01 	 1.145541e-02 	 -2.030421e-02 	 1.606871e-03 	 1.304098e-05 
5.563670e+01 	 1.117687e-02 	 -1.999619e-02 	 1.588733e-03 	 1.236641e-05 
5.607629e+01 	 1.090133e-02 	 -1.969350e-02 	 1.571099e-03 	 1.134048e-05 
5.651936e+01 	 1.062693e-02 	 -1.939440e-02 	 1.552643e-03 	 1.101770e-05 
5.696594e+01 	 1.035325e-02 	 -1.909909e-02 	 1.534101e-03 	 1.053807e-05 
5.741604e+01 	 1.007989e-02 	 -1.880636e-02 	 1.514453e-03 	 1.083257e-05 
5.786969e+01 	 9.808434e-03 	 -1.851714e-02 	 1.494811e-03 	 1.093599e-05 
5.832693e+01 	 9.540578e-03 	 -1.823126e-02 	 1.474839e-03 	 1.139362e-05 
5.878779e+01 	 9.279089e-03 	 -1.795015e-02 	 1.455897e-03 	 1.115901e-05 
5.925228e+01 	 9.025447e-03 	 -1.767328e-02 	 1.437303e-03 	 1.102934e-05 
5.972045e+01 	 8.781061e-03 	 -1.740124e-02 	 1.419792e-03 	 1.032470e-05 
6.019231e+01 	 8.545653e-03 	 -1.713285e-02 	 1.402294e-03 	 9.981248e-06 
6.066790e+01 	 8.319017e-03 	 -1.686845e-02 	 1.385468e-03 	 9.258700e-06 
6.114725e+01 	 8.099596e-03 	 -1.660687e-02 	 1.368289e-03 	 9.000779e-06 
6.163039e+01 	 7.886313e-03 	 -1.634847e-02 	 1.351309e-03 	 8.580776e-06 
6.211735e+01 	 7.677544e-03 	 -1.609255e-02 	 1.333796e-03 	 8.660295e-06 
6.260815e+01 	 7.472658e-03 	 -1.584009e-02 	 1.316625e-03 	 8.467701e-06 
6.310283e+01 	 7.270616e-03 	 -1.559089e-02 	 1.299354e-03 	 8.515123e-06 
6.360142e+01 	 7.071057e-03 	 -1.534587e-02 	 1.282772e-03 	 8.129592e-06 
6.410395e+01 	 6.872955e-03 	 -1.510449e-02 	 1.266239e-03 	 7.916990e-06 
6.461045e+01 	 6.675845e-03 	 -1.486697e-02 	 1.250101e-03 	 7.487360e-06 
6.512095e+01 	 6.479107e-03 	 -1.463249e-02 	 1.233626e-03 	 7.468038e-06 
6.563548e+01 	 6.283350e-03 	 -1.440158e-02 	 1.217512e-03 	 7.214903e-06 
6.615408e+01 	 6.089117e-03 	 -1.417373e-02 	 1.201372e-03 	 7.121606e-06 
6.667678e+01 	 5.897572e-03 	 -1.394902e-02 	 1.185517e-03 	 6.889234e-06 
6.720361e+01 	 5.709799e-03 	 -1.372681e-02 	 1.169425e-03 	 7.035130e-06 
6.773460e+01 	 5.527750e-03 	 -1.350785e-02 	 1.154011e-03 	 6.816885e-06 
6.826978e+01 	 5.352455e-03 	 -1.329174e-02 	 1.138972e-03 	 6.591979e-06 
6.880920e+01 	 5.184497e-03 	 -1.307838e-02 	 1.124521e-03 	 6.099837e-06 
6.935287e+01 	 5.023391e-03 	 -1.286659e-02 	 1.109761e-03 	 6.062740e-06 
6.990084e+01 	 4.869276e-03 	 -1.265682e-02 	 1.095350e-03 	 5.860651e-06 
7.045315e+01 	 4.721694e-03 	 -1.244883e-02 	 1.081108e-03 	 5.701067e-06 
7.100981e+01 	 4.580028e-03 	 -1.224267e-02 	 1.067214e-03 	 5.385139e-06 
7.157088e+01 	 4.443240e-03 	 -1.203771e-02 	 1.053110e-03 	 5.372525e-06 
7.213637e+01 	 4.311041e-03 	 -1.183435e-02 	 1.039220e-03 	 5.293381e-06 
7.270634e+01 	 4.183237e-03 	 -1.163269e-02 	 1.025567e-03 	 5.209729e-06 
7.328081e+01 	 4.059759e-03 	 -1.143294e-02 	 1.012416e-03 	 4.889275e-06 
7.385981e+01 	 3.940167e-03 	 -1.123433e-02 	 9.991175e-04 	 4.873584e-06 
7.444340e+01 	 3.824968e-03 	 -1.103721e-02 	 9.861666e-04 	 4.714636e-06 
7.503159e+01 	 3.714626e-03 	 -1.084127e-02 	 9.733444e-04 	 4.658746e-06 
7.562443e+01 	 3.609989e-03 	 -1.064668e-02 	 9.610514e-04 	 4.341390e-06 
7.622195e+01 	 3.511385e-03 	 -1.045254e-02 	 9.486396e-04 	 4.301382e-06 
7.682420e+01 	 3.419872e-03 	 -1.025901e-02 	 9.365337e-04 	 4.136771e-06 
7.743120e+01 	 3.336292e-03 	 -1.006575e-02 	 9.245568e-04 	 4.029125e-06 
7.804301e+01 	 3.261471e-03 	 -9.872714e-03 	 9.128449e-04 	 3.824170e-06 
7.865964e+01 	 3.195845e-03 	 -9.679490e-03 	 9.010345e-04 	 3.826630e-06 
7.928115e+01 	 3.140077e-03 	 -9.486548e-03 	 8.895174e-04 	 3.707839e-06 
7.990756e+01 	 3.094167e-03 	 -9.294015e-03 	 8.781871e-04 	 3.596307e-06 
8.053893e+01 	 3.057513e-03 	 -9.102193e-03 	 8.670820e-04 	 3.429645e-06 
8.117529e+01 	 3.028858e-03 	 -8.911244e-03 	 8.559597e-04 	 3.409106e-06 
8.181667e+01 	 3.006829e-03 	 -8.722032e-03 	 8.451980e-04 	 3.207694e-06 
8.246312e+01 	 2.989238e-03 	 -8.534738e-03 	 8.344738e-04 	 3.085280e-06 
8.311468e+01 	 2.973906e-03 	 -8.349837e-03 	 8.238224e-04 	 2.946723e-06 
8.377139e+01 	 2.958859e-03 	 -8.167612e-03 	 8.130451e-04 	 2.954232e-06 
8.443328e+01 	 2.942931e-03 	 -7.988846e-03 	 8.025104e-04 	 2.796596e-06 
8.510041e+01 	 2.925095e-03 	 -7.813479e-03 	 7.918679e-04 	 2.773457e-06 
8.577280e+01 	 2.905278e-03 	 -7.641846e-03 	 7.813176e-04 	 2.698303e-06 
8.645051e+01 	 2.883937e-03 	 -7.473911e-03 	 7.707637e-04 	 2.686581e-06 
8.713358e+01 	 2.862095e-03 	 -7.309813e-03 	 7.604545e-04 	 2.529971e-06 
8.782204e+01 	 2.840611e-03 	 -7.148987e-03 	 7.500671e-04 	 2.488158e-06 
8.851594e+01 	 2.820693e-03 	 -6.991298e-03 	 7.397738e-04 	 2.384927e-06 
8.921532e+01 	 2.803340e-03 	 -6.836335e-03 	 7.294275e-04 	 2.348414e-06 
8.992023e+01 	 2.789440e-03 	 -6.684013e-03 	 7.191746e-04 	 2.235800e-06 
9.063071e+01 	 2.779323e-03 	 -6.533992e-03 	 7.087929e-04 	 2.229227e-06 
9.134680e+01 	 2.773133e-03 	 -6.386507e-03 	 6.984922e-04 	 2.145022e-06 
9.206856e+01 	 2.770310e-03 	 -6.241575e-03 	 6.880954e-04 	 2.148456e-06 
9.279601e+01 	 2.769975e-03 	 -6.099741e-03 	 6.778197e-04 	 2.062462e-06 
9.352921e+01 	 2.770526e-03 	 -5.961277e-03 	 6.675136e-04 	 2.024455e-06 
9.426820e+01 	 2.770103e-03 	 -5.826718e-03 	 6.572780e-04 	 1.928099e-06 
9.501304e+01 	 2.766642e-03 	 -5.696330e-03 	 6.469343e-04 	 1.915679e-06 
9.576376e+01 	 2.758544e-03 	 -5.570679e-03 	 6.366586e-04 	 1.831587e-06 
9.652041e+01 	 2.744525e-03 	 -5.449888e-03 	 6.263005e-04 	 1.800154e-06 
9.728303e+01 	 2.724097e-03 	 -5.334135e-03 	 6.159296e-04 	 1.743661e-06 
9.805169e+01 	 2.697515e-03 	 -5.223310e-03 	 6.054286e-04 	 1.775221e-06 
9.882642e+01 	 2.665913e-03 	 -5.117580e-03 	 5.950610e-04 	 1.702124e-06 
9.960727e+01 	 2.630404e-03 	 -5.016538e-03 	 5.846486e-04 	 1.687100e-06 
1.003943e+02 	 2.592196e-03 	 -4.919999e-03 	 5.742953e-04 	 1.637574e-06 
1.011875e+02 	 2.552130e-03 	 -4.827645e-03 	 5.639315e-04 	 1.631601e-06 
1.019870e+02 	 2.510604e-03 	 -4.739419e-03 	 5.537123e-04 	 1.546700e-06 
1.027928e+02 	 2.467176e-03 	 -4.654966e-03 	 5.434651e-04 	 1.517302e-06 
1.036050e+02 	 2.421110e-03 	 -4.574225e-03 	 5.332553e-04 	 1.471828e-06 
1.044236e+02 	 2.371550e-03 	 -4.497100e-03 	 5.230291e-04 	 1.469529e-06 
1.052487e+02 	 2.317874e-03 	 -4.423679e-03 	 5.129169e-04 	 1.414480e-06 
1.060803e+02 	 2.259657e-03 	 -4.353753e-03 	 5.028047e-04 	 1.412832e-06 
1.069185e+02 	 2.197094e-03 	 -4.287293e-03 	 4.928194e-04 	 1.371141e-06 
1.077633e+02 	 2.130767e-03 	 -4.224014e-03 	 4.828982e-04 	 1.364601e-06 
1.086147e+02 	 2.061662e-03 	 -4.163740e-03 	 4.731599e-04 	 1.306451e-06 
1.094729e+02 	 1.990736e-03 	 -4.106030e-03 	 4.634973e-04 	 1.293614e-06 
1.103379e+02 	 1.918972e-03 	 -4.050678e-03 	 4.540267e-04 	 1.232147e-06 
1.112097e+02 	 1.846941e-03 	 -3.997309e-03 	 4.446345e-04 	 1.219170e-06 
1.120884e+02 	 1.774959e-03 	 -3.945875e-03 	 4.354348e-04 	 1.160529e-06 
1.129740e+02 	 1.702795e-03 	 -3.896201e-03 	 4.263081e-04 	 1.159899e-06 
1.138666e+02 	 1.630030e-03 	 -3.848496e-03 	 4.174001e-04 	 1.110569e-06 
1.147663e+02 	 1.555821e-03 	 -3.802790e-03 	 4.086382e-04 	 1.083837e-06 
1.156731e+02 	 1.479257e-03 	 -3.759198e-03 	 4.000682e-04 	 1.033245e-06 
1.165871e+02 	 1.399604e-03 	 -3.717656e-03 	 3.916111e-04 	 1.024765e-06 
1.175083e+02 	 1.316736e-03 	 -3.678189e-03 	 3.833640e-04 	 9.900197e-07 
1.184367e+02 	 1.231040e-03 	 -3.640568e-03 	 3.753098e-04 	 9.604730e-07 
1.193725e+02 	 1.143377e-03 	 -3.604419e-03 	 3.674715e-04 	 9.068772e-07 
1.203157e+02 	 1.055010e-03 	 -3.569140e-03 	 3.597365e-04 	 9.165967e-07 
1.212663e+02 	 9.676966e-04 	 -3.534446e-03 	 3.522751e-04 	 8.755141e-07 
1.222245e+02 	 8.828366e-04 	 -3.499839e-03 	 3.450205e-04 	 8.552484e-07 
1.231902e+02 	 8.012924e-04 	 -3.465032e-03 	 3.380444e-04 	 7.888349e-07 
1.241636e+02 	 7.231141e-04 	 -3.429634e-03 	 3.311885e-04 	 7.842112e-07 
1.251446e+02 	 6.481021e-04 	 -3.393754e-03 	 3.245636e-04 	 7.578416e-07 
1.261334e+02 	 5.756459e-04 	 -3.357552e-03 	 3.181771e-04 	 7.241718e-07 
1.271300e+02 	 5.047768e-04 	 -3.321173e-03 	 3.120186e-04 	 6.725548e-07 
1.281345e+02 	 4.345983e-04 	 -3.284678e-03 	 3.059865e-04 	 6.642243e-07 
1.291469e+02 	 3.648390e-04 	 -3.248306e-03 	 3.001489e-04 	 6.503288e-07 
1.301673e+02 	 2.957048e-04 	 -3.212231e-03 	 2.945455e-04 	 6.258651e-07 
1.311958e+02 	 2.274403e-04 	 -3.176437e-03 	 2.891886e-04 	 5.702644e-07 
1.322324e+02 	 1.602273e-04 	 -3.140635e-03 	 2.839394e-04 	 5.659319e-07 
1.332772e+02 	 9.459216e-05 	 -3.104785e-03 	 2.788821e-04 	 5.488257e-07 
1.343303e+02 	 3.104080e-05 	 -3.068784e-03 	 2.740314e-04 	 5.276638e-07 
1.353916e+02 	 -3.024033e-05 	 -3.032452e-03 	 2.694014e-04 	 4.771946e-07 
1.364614e+02 	 -8.928134e-05 	 -2.995424e-03 	 2.648533e-04 	 4.802469e-07 
1.375396e+02 	 -1.456812e-04 	 -2.957669e-03 	 2.604902e-04 	 4.628651e-07 
1.386263e+02 	 -1.989435e-04 	 -2.919085e-03 	 2.563065e-04 	 4.478643e-07 
1.397216e+02 	 -2.487166e-04 	 -2.879578e-03 	 2.523262e-04 	 4.044716e-07 
1.408256e+02 	 -2.948813e-04 	 -2.838936e-03 	 2.484235e-04 	 4.094166e-07 
1.419383e+02 	 -3.371635e-04 	 -2.797337e-03 	 2.447016e-04 	 3.899784e-07 
1.430598e+02 	 -3.756592e-04 	 -2.754930e-03 	 2.411420e-04 	 3.706011e-07 
1.441901e+02 	 -4.109937e-04 	 -2.711887e-03 	 2.377343e-04 	 3.382921e-07 
1.453294e+02 	 -4.440377e-04 	 -2.668347e-03 	 2.343948e-04 	 3.414900e-07 
1.464777e+02 	 -4.753853e-04 	 -2.624650e-03 	 2.312065e-04 	 3.216476e-07 
1.476350e+02 	 -5.054890e-04 	 -2.580915e-03 	 2.281358e-04 	 3.074521e-07 
1.488015e+02 	 -5.345044e-04 	 -2.537116e-03 	 2.251769e-04 	 2.851735e-07 
1.499773e+02 	 -5.620575e-04 	 -2.493050e-03 	 2.222741e-04 	 2.913880e-07 
1.511623e+02 	 -5.871734e-04 	 -2.448594e-03 	 2.195120e-04 	 2.700781e-07 
1.523566e+02 	 -6.089243e-04 	 -2.403421e-03 	 2.168344e-04 	 2.618305e-07 
1.535604e+02 	 -6.266008e-04 	 -2.357306e-03 	 2.142521e-04 	 2.456262e-07 
1.547737e+02 	 -6.398800e-04 	 -2.310139e-03 	 2.117314e-04 	 2.458424e-07 
1.559966e+02 	 -6.488960e-04 	 -2.262064e-03 	 2.093206e-04 	 2.262070e-07 
1.572292e+02 	 -6.543883e-04 	 -2.213255e-03 	 2.069660e-04 	 2.199915e-07 
1.584715e+02 	 -6.573173e-04 	 -2.164030e-03 	 2.046781e-04 	 2.083238e-07 
1.597236e+02 	 -6.585281e-04 	 -2.114701e-03 	 2.024398e-04 	 2.044666e-07 
1.609856e+02 	 -6.585586e-04 	 -2.065523e-03 	 2.002677e-04 	 1.898145e-07 
1.622576e+02 	 -6.575554e-04 	 -2.016554e-03 	 1.981224e-04 	 1.883561e-07 
1.635396e+02 	 -6.552169e-04 	 -1.967792e-03 	 1.960291e-04 	 1.765210e-07 
1.648318e+02 	 -6.510371e-04 	 -1.919088e-03 	 1.939584e-04 	 1.747094e-07 
1.661342e+02 	 -6.445031e-04 	 -1.870309e-03 	 1.919304e-04 	 1.616677e-07 
1.674468e+02 	 -6.353128e-04 	 -1.821298e-03 	 1.899035e-04 	 1.639500e-07 
1.687699e+02 	 -6.233601e-04 	 -1.772084e-03 	 1.879170e-04 	 1.512718e-07 
1.701034e+02 	 -6.089062e-04 	 -1.722705e-03 	 1.859280e-04 	 1.513214e-07 
1.714474e+02 	 -5.923820e-04 	 -1.673360e-03 	 1.839610e-04 	 1.404277e-07 
1.728020e+02 	 -5.743266e-04 	 -1.624245e-03 	 1.819801e-04 	 1.419025e-07 
1.741674e+02 	 -5.552132e-04 	 -1.575637e-03 	 1.800150e-04 	 1.307701e-07 
1.755435e+02 	 -5.355063e-04 	 -1.527703e-03 	 1.780269e-04 	 1.301820e-07 
1.769305e+02 	 -5.155087e-04 	 -1.480605e-03 	 1.760307e-04 	 1.219692e-07 
1.783285e+02 	 -4.953528e-04 	 -1.434399e-03 	 1.739997e-04 	 1.234626e-07 
1.797375e+02 	 -4.750027e-04 	 -1.389134e-03 	 1.719564e-04 	 1.155995e-07 
1.811576e+02 	 -4.543988e-04 	 -1.344760e-03 	 1.698728e-04 	 1.165318e-07 
1.825890e+02 	 -4.334588e-04 	 -1.301267e-03 	 1.677659e-04 	 1.100411e-07 
1.840317e+02 	 -4.121501e-04 	 -1.258627e-03 	 1.656125e-04 	 1.128760e-07 
1.854857e+02 	 -3.905159e-04 	 -1.216920e-03 	 1.634391e-04 	 1.059872e-07 
1.869513e+02 	 -3.688198e-04 	 -1.176215e-03 	 1.612193e-04 	 1.074243e-07 
1.884285e+02 	 -3.474459e-04 	 -1.136667e-03 	 1.589716e-04 	 1.008220e-07 
1.899173e+02 	 -3.268182e-04 	 -1.098398e-03 	 1.566693e-04 	 1.042624e-07 
1.914178e+02 	 -3.072238e-04 	 -1.061567e-03 	 1.543417e-04 	 9.792288e-08 
1.929303e+02 	 -2.888791e-04 	 -1.026211e-03 	 1.519623e-04 	 1.006047e-07 
1.944547e+02 	 -2.718212e-04 	 -9.923585e-04 	 1.495553e-04 	 9.501231e-08 
1.959911e+02 	 -2.559747e-04 	 -9.599260e-04 	 1.470978e-04 	 9.821955e-08 
1.975397e+02 	 -2.411263e-04 	 -9.288586e-04 	 1.446160e-04 	 9.427558e-08 
1.991005e+02 	 -2.271180e-04 	 -8.990675e-04 	 1.420975e-04 	 9.587293e-08 
2.006736e+02 	 -2.139312e-04 	 -8.705247e-04 	 1.395591e-04 	 9.199881e-08 
2.022592e+02 	 -2.016895e-04 	 -8.432233e-04 	 1.369901e-04 	 9.335326e-08 
2.038573e+02 	 -1.905794e-04 	 -8.172121e-04 	 1.344061e-04 	 8.974538e-08 
2.054680e+02 	 -1.807696e-04 	 -7.925276e-04 	 1.317978e-04 	 9.227198e-08 
2.070914e+02 	 -1.723773e-04 	 -7.692207e-04 	 1.291905e-04 	 8.653244e-08 
2.087277e+02 	 -1.655031e-04 	 -7.472349e-04 	 1.265607e-04 	 8.961623e-08 
2.103769e+02 	 -1.600327e-04 	 -7.265260e-04 	 1.239384e-04 	 8.467714e-08 
2.120391e+02 	 -1.557482e-04 	 -7.069474e-04 	 1.213049e-04 	 8.830475e-08 
2.137145e+02 	 -1.523400e-04 	 -6.884062e-04 	 1.186948e-04 	 8.308755e-08 
2.154031e+02 	 -1.496756e-04 	 -6.707549e-04 	 1.160896e-04 	 8.420978e-08 
2.171050e+02 	 -1.476804e-04 	 -6.539211e-04 	 1.135069e-04 	 8.149656e-08 
2.188204e+02 	 -1.462917e-04 	 -6.378575e-04 	 1.109470e-04 	 8.160948e-08 
2.205494e+02 	 -1.455235e-04 	 -6.225404e-04 	 1.084217e-04 	 7.836005e-08 
2.222920e+02 	 -1.454115e-04 	 -6.079373e-04 	 1.059285e-04 	 7.762641e-08 
2.240484e+02 	 -1.459574e-04 	 -5.939927e-04 	 1.034743e-04 	 7.464412e-08 
2.258186e+02 	 -1.469855e-04 	 -5.806214e-04 	 1.010580e-04 	 7.517771e-08 
2.276029e+02 	 -1.482559e-04 	 -5.677289e-04 	 9.869705e-05 	 7.015551e-08 
2.294012e+02 	 -1.495930e-04 	 -5.551793e-04 	 9.637508e-05 	 7.147219e-08 
2.312138e+02 	 -1.508231e-04 	 -5.429140e-04 	 9.411617e-05 	 6.601710e-08 
2.330406e+02 	 -1.519008e-04 	 -5.308529e-04 	 9.190054e-05 	 6.733616e-08 
2.348819e+02 	 -1.527899e-04 	 -5.190083e-04 	 8.975259e-05 	 6.156900e-08 
2.367378e+02 	 -1.535702e-04 	 -5.073485e-04 	 8.764988e-05 	 6.231751e-08 
2.386083e+02 	 -1.542429e-04 	 -4.958981e-04 	 8.561188e-05 	 5.755041e-08 
2.404936e+02 	 -1.548040e-04 	 -4.846238e-04 	 8.362324e-05 	 5.723311e-08 
2.423938e+02 	 -1.551878e-04 	 -4.735014e-04 	 8.169410e-05 	 5.337216e-08 
2.443090e+02 	 -1.552891e-04 	 -4.624797e-04 	 7.981487e-05 	 5.289991e-08 
2.462393e+02 	 -1.550261e-04 	 -4.515318e-04 	 7.799368e-05 	 4.928748e-08 
2.481849e+02 	 -1.543827e-04 	 -4.406355e-04 	 7.622158e-05 	 4.850299e-08 
2.501459e+02 	 -1.534012e-04 	 -4.297985e-04 	 7.450327e-05 	 4.523846e-08 
2.521223e+02 	 -1.521067e-04 	 -4.190318e-04 	 7.283103e-05 	 4.485660e-08 
2.541144e+02 	 -1.505337e-04 	 -4.083582e-04 	 7.121210e-05 	 4.118396e-08 
2.561222e+02 	 -1.487202e-04 	 -3.977670e-04 	 6.963377e-05 	 4.111763e-08 
2.581459e+02 	 -1.466271e-04 	 -3.872562e-04 	 6.810473e-05 	 3.786590e-08 
2.601856e+02 	 -1.441865e-04 	 -3.767958e-04 	 6.661432e-05 	 3.794529e-08 
2.622413e+02 	 -1.413624e-04 	 -3.663852e-04 	 6.517161e-05 	 3.449195e-08 
2.643134e+02 	 -1.381984e-04 	 -3.560111e-04 	 6.376285e-05 	 3.471242e-08 
2.664018e+02 	 -1.347112e-04 	 -3.457006e-04 	 6.239733e-05 	 3.163297e-08 
2.685067e+02 	 -1.309326e-04 	 -3.354632e-04 	 6.106333e-05 	 3.165032e-08 
2.706282e+02 	 -1.269116e-04 	 -3.253331e-04 	 5.976743e-05 	 2.863218e-08 
2.727665e+02 	 -1.227162e-04 	 -3.153232e-04 	 5.849692e-05 	 2.890243e-08 
2.749217e+02 	 -1.183721e-04 	 -3.054682e-04 	 5.725968e-05 	 2.609209e-08 
2.770939e+02 	 -1.139209e-04 	 -2.957750e-04 	 5.604344e-05 	 2.629880e-08 
2.792833e+02 	 -1.093945e-04 	 -2.862735e-04 	 5.485448e-05 	 2.380248e-08 
2.814899e+02 	 -1.048445e-04 	 -2.769798e-04 	 5.368201e-05 	 2.414058e-08 
2.837141e+02 	 -1.003359e-04 	 -2.679366e-04 	 5.253274e-05 	 2.177226e-08 
2.859557e+02 	 -9.596064e-05 	 -2.591628e-04 	 5.139580e-05 	 2.212201e-08 
2.882151e+02 	 -9.175261e-05 	 -2.506852e-04 	 5.027720e-05 	 2.015550e-08 
2.904924e+02 	 -8.771254e-05 	 -2.425065e-04 	 4.916879e-05 	 2.058042e-08 
2.927876e+02 	 -8.387273e-05 	 -2.346460e-04 	 4.807683e-05 	 1.867681e-08 
2.951010e+02 	 -8.030157e-05 	 -2.271066e-04 	 4.699284e-05 	 1.922856e-08 
2.974327e+02 	 -7.700873e-05 	 -2.198982e-04 	 4.592395e-05 	 1.752504e-08 
2.997828e+02 	 -7.396633e-05 	 -2.130052e-04 	 4.486299e-05 	 1.814250e-08 
3.021514e+02 	 -7.117093e-05 	 -2.064336e-04 	 4.381762e-05 	 1.646541e-08 
3.045388e+02 	 -6.868231e-05 	 -2.001767e-04 	 4.278036e-05 	 1.714244e-08 
3.069450e+02 	 -6.650604e-05 	 -1.942356e-04 	 4.175943e-05 	 1.560573e-08 
3.093702e+02 	 -6.458652e-05 	 -1.885747e-04 	 4.074840e-05 	 1.628761e-08 
3.118146e+02 	 -6.285151e-05 	 -1.831752e-04 	 3.975566e-05 	 1.484931e-08 
3.142783e+02 	 -6.131602e-05 	 -1.780148e-04 	 3.877552e-05 	 1.539921e-08 
3.167615e+02 	 -5.999913e-05 	 -1.730874e-04 	 3.781510e-05 	 1.406910e-08 
3.192643e+02 	 -5.884091e-05 	 -1.683577e-04 	 3.686957e-05 	 1.459161e-08 
3.217869e+02 	 -5.775222e-05 	 -1.638011e-04 	 3.594594e-05 	 1.327675e-08 
3.243294e+02 	 -5.673626e-05 	 -1.593983e-04 	 3.503925e-05 	 1.370791e-08 
3.268920e+02 	 -5.583580e-05 	 -1.551498e-04 	 3.415557e-05 	 1.239745e-08 
3.294748e+02 	 -5.500499e-05 	 -1.510256e-04 	 3.328956e-05 	 1.290340e-08 
3.320781e+02 	 -5.413669e-05 	 -1.470034e-04 	 3.244820e-05 	 1.156990e-08 
3.347019e+02 	 -5.324582e-05 	 -1.430667e-04 	 3.162550e-05 	 1.196674e-08 
3.373465e+02 	 -5.238507e-05 	 -1.392242e-04 	 3.082707e-05 	 1.074069e-08 
3.400119e+02 	 -5.151523e-05 	 -1.354535e-04 	 3.004766e-05 	 1.109594e-08 
3.426984e+02 	 -5.054487e-05 	 -1.317363e-04 	 2.929234e-05 	 9.915941e-09 
3.454062e+02 	 -4.949214e-05 	 -1.280674e-04 	 2.855586e-05 	 1.018088e-08 
3.481353e+02 	 -4.843805e-05 	 -1.244658e-04 	 2.784197e-05 	 9.055218e-09 
3.508860e+02 	 -4.735519e-05 	 -1.209210e-04 	 2.714544e-05 	 9.391432e-09 
3.536584e+02 	 -4.617245e-05 	 -1.174258e-04 	 2.647073e-05 	 8.212891e-09 
3.564527e+02 	 -4.493896e-05 	 -1.139824e-04 	 2.581129e-05 	 8.586779e-09 
3.592691e+02 	 -4.371827e-05 	 -1.106172e-04 	 2.517174e-05 	 7.480851e-09 
3.621078e+02 	 -4.250381e-05 	 -1.073226e-04 	 2.454583e-05 	 7.880907e-09 
3.649689e+02 	 -4.123931e-05 	 -1.040959e-04 	 2.393836e-05 	 6.852809e-09 
3.678526e+02 	 -3.996860e-05 	 -1.009365e-04 	 2.334348e-05 	 7.216060e-09 
3.707591e+02 	 -3.872483e-05 	 -9.785724e-05 	 2.276535e-05 	 6.346086e-09 
3.736885e+02 	 -3.747319e-05 	 -9.484551e-05 	 2.219974e-05 	 6.670100e-09 
3.766411e+02 	 -3.619341e-05 	 -9.189537e-05 	 2.165026e-05 	 5.853503e-09 
3.796170e+02 	 -3.489797e-05 	 -8.899995e-05 	 2.111292e-05 	 6.180167e-09 
3.826165e+02 	 -3.358147e-05 	 -8.615930e-05 	 2.059135e-05 	 5.391563e-09 
3.856396e+02 	 -3.222123e-05 	 -8.336327e-05 	 2.008150e-05 	 5.697720e-09 
3.886866e+02 	 -3.083088e-05 	 -8.061888e-05 	 1.958663e-05 	 4.906029e-09 
3.917577e+02 	 -2.943416e-05 	 -7.792694e-05 	 1.910215e-05 	 5.211834e-09 
3.948531e+02 	 -2.801888e-05 	 -7.529433e-05 	 1.863116e-05 	 4.436532e-09 
3.979729e+02 	 -2.660547e-05 	 -7.272617e-05 	 1.816874e-05 	 4.722525e-09 
4.011174e+02 	 -2.524231e-05 	 -7.024571e-05 	 1.771752e-05 	 3.993832e-09 
4.042867e+02 	 -2.395493e-05 	 -6.786098e-05 	 1.727271e-05 	 4.302577e-09 
4.074811e+02 	 -2.274378e-05 	 -6.558293e-05 	 1.683712e-05 	 3.621418e-09 
4.107007e+02 	 -2.164144e-05 	 -6.341693e-05 	 1.640622e-05 	 3.955189e-09 
4.139457e+02 	 -2.066883e-05 	 -6.137676e-05 	 1.598316e-05 	 3.329173e-09 
4.172164e+02 	 -1.983286e-05 	 -5.946020e-05 	 1.556388e-05 	 3.687108e-09 
4.205129e+02 	 -1.913534e-05 	 -5.767319e-05 	 1.515196e-05 	 3.125249e-09 
4.238354e+02 	 -1.859533e-05 	 -5.600938e-05 	 1.474416e-05 	 3.502149e-09 
4.271843e+02 	 -1.817780e-05 	 -5.445707e-05 	 1.434455e-05 	 2.993839e-09 
4.305595e+02 	 -1.784510e-05 	 -5.299219e-05 	 1.395065e-05 	 3.354919e-09 
4.339615e+02 	 -1.759073e-05 	 -5.160855e-05 	 1.356655e-05 	 2.881580e-09 
4.373903e+02 	 -1.740608e-05 	 -5.028898e-05 	 1.319023e-05 	 3.216078e-09 
4.408462e+02 	 -1.723047e-05 	 -4.900850e-05 	 1.282563e-05 	 2.742159e-09 
4.443294e+02 	 -1.701301e-05 	 -4.774012e-05 	 1.247052e-05 	 3.023344e-09 
4.478402e+02 	 -1.676788e-05 	 -4.648741e-05 	 1.212802e-05 	 2.534728e-09 
4.513787e+02 	 -1.651217e-05 	 -4.524968e-05 	 1.179530e-05 	 2.779613e-09 
4.549451e+02 	 -1.621085e-05 	 -4.401828e-05 	 1.147480e-05 	 2.282246e-09 
4.585397e+02 	 -1.584652e-05 	 -4.278548e-05 	 1.116308e-05 	 2.490377e-09 
4.621627e+02 	 -1.547019e-05 	 -4.157707e-05 	 1.086173e-05 	 2.000898e-09 
4.658144e+02 	 -1.514044e-05 	 -4.041433e-05 	 1.056691e-05 	 2.218327e-09 
4.694949e+02 	 -1.484919e-05 	 -3.930215e-05 	 1.028027e-05 	 1.777741e-09 
4.732045e+02 	 -1.458354e-05 	 -3.823501e-05 	 9.998474e-06 	 2.011511e-09 
4.769433e+02 	 -1.438335e-05 	 -3.723200e-05 	 9.723501e-06 	 1.615764e-09 
4.807118e+02 	 -1.428552e-05 	 -3.630169e-05 	 9.452632e-06 	 1.887714e-09 
4.845100e+02 	 -1.425154e-05 	 -3.543048e-05 	 9.188794e-06 	 1.550216e-09 
4.883382e+02 	 -1.422988e-05 	 -3.458883e-05 	 8.930406e-06 	 1.829141e-09 
4.921967e+02 	 -1.420440e-05 	 -3.376781e-05 	 8.680861e-06 	 1.501701e-09 
4.960856e+02 	 -1.417251e-05 	 -3.295484e-05 	 8.438715e-06 	 1.759625e-09 
5.000053e+02 	 -1.407648e-05 	 -3.212621e-05 	 8.207162e-06 	 1.426766e-09 
5.039560e+02 	 -1.386748e-05 	 -3.125661e-05 	 7.984446e-06 	 1.628761e-09 
5.079378e+02 	 -1.356139e-05 	 -3.035360e-05 	 7.772556e-06 	 1.262932e-09 
5.119511e+02 	 -1.318586e-05 	 -2.942732e-05 	 7.568528e-06 	 1.432800e-09 
5.159962e+02 	 -1.274160e-05 	 -2.848547e-05 	 7.373451e-06 	 1.072566e-09 
5.200732e+02 	 -1.224094e-05 	 -2.753464e-05 	 7.183959e-06 	 1.237267e-09 
5.241824e+02 	 -1.173011e-05 	 -2.660147e-05 	 7.000856e-06 	 9.050522e-10 
5.283241e+02 	 -1.125195e-05 	 -2.570140e-05 	 6.820995e-06 	 1.100493e-09 
5.324985e+02 	 -1.078666e-05 	 -2.483379e-05 	 6.645944e-06 	 8.194323e-10 
5.367058e+02 	 -1.033818e-05 	 -2.399498e-05 	 6.473586e-06 	 1.028108e-09 
5.409465e+02 	 -9.914071e-06 	 -2.318912e-05 	 6.306019e-06 	 7.772054e-10 
5.452206e+02 	 -9.498407e-06 	 -2.240459e-05 	 6.141746e-06 	 9.859248e-10 
5.495285e+02 	 -9.061542e-06 	 -2.162841e-05 	 5.983104e-06 	 7.406906e-10 
5.538705e+02 	 -8.588644e-06 	 -2.085141e-05 	 5.828565e-06 	 9.188479e-10 
5.582467e+02 	 -8.098048e-06 	 -2.008063e-05 	 5.679755e-06 	 6.614972e-10 
5.626575e+02 	 -7.579613e-06 	 -1.931293e-05 	 5.534468e-06 	 8.156069e-10 
5.671032e+02 	 -7.050148e-06 	 -1.855996e-05 	 5.393600e-06 	 5.504323e-10 
5.715840e+02 	 -6.551354e-06 	 -1.783955e-05 	 5.254278e-06 	 6.976988e-10 
5.761002e+02 	 -6.109240e-06 	 -1.717041e-05 	 5.117093e-06 	 4.579082e-10 
5.806521e+02 	 -5.750838e-06 	 -1.656195e-05 	 4.979537e-06 	 6.270076e-10 
5.852400e+02 	 -5.480923e-06 	 -1.602176e-05 	 4.842922e-06 	 4.254296e-10 
5.898641e+02 	 -5.318029e-06 	 -1.555075e-05 	 4.705740e-06 	 6.190183e-10 
5.945247e+02 	 -5.231866e-06 	 -1.513703e-05 	 4.570367e-06 	 4.508780e-10 
5.992222e+02 	 -5.196145e-06 	 -1.476055e-05 	 4.436370e-06 	 6.446446e-10 
