1.003943e-02 	 3.135508e+04 	 1.639649e+04 	 6.121076e+02 
1.011875e-02 	 3.143310e+04 	 1.639131e+04 	 6.051194e+02 
1.019870e-02 	 3.151010e+04 	 1.639173e+04 	 6.289010e+02 
1.027928e-02 	 3.158602e+04 	 1.638652e+04 	 6.224160e+02 
1.036050e-02 	 3.166079e+04 	 1.638679e+04 	 6.460961e+02 
1.044236e-02 	 3.173439e+04 	 1.638154e+04 	 6.401107e+02 
1.052487e-02 	 3.180683e+04 	 1.638166e+04 	 6.636973e+02 
1.060803e-02 	 3.187815e+04 	 1.637637e+04 	 6.582078e+02 
1.069185e-02 	 3.194824e+04 	 1.637633e+04 	 6.817087e+02 
1.077633e-02 	 3.201684e+04 	 1.637099e+04 	 6.767114e+02 
1.086147e-02 	 3.208380e+04 	 1.637080e+04 	 7.001343e+02 
1.094729e-02 	 3.214940e+04 	 1.636541e+04 	 6.956254e+02 
1.103379e-02 	 3.221403e+04 	 1.636506e+04 	 7.189774e+02 
1.112097e-02 	 3.227782e+04 	 1.635960e+04 	 7.149532e+02 
1.120884e-02 	 3.234058e+04 	 1.635909e+04 	 7.382413e+02 
1.129740e-02 	 3.240207e+04 	 1.635357e+04 	 7.346978e+02 
1.138666e-02 	 3.246195e+04 	 1.635289e+04 	 7.579286e+02 
1.147663e-02 	 3.251981e+04 	 1.634730e+04 	 7.548617e+02 
1.156731e-02 	 3.257564e+04 	 1.634645e+04 	 7.780416e+02 
1.165871e-02 	 3.262995e+04 	 1.634078e+04 	 7.754472e+02 
1.175083e-02 	 3.268323e+04 	 1.633976e+04 	 7.985820e+02 
1.184367e-02 	 3.273538e+04 	 1.633401e+04 	 7.964557e+02 
1.193725e-02 	 3.278603e+04 	 1.633281e+04 	 8.195512e+02 
1.203157e-02 	 3.283502e+04 	 1.632697e+04 	 8.178884e+02 
1.212663e-02 	 3.288261e+04 	 1.632558e+04 	 8.409497e+02 
1.222245e-02 	 3.292907e+04 	 1.631965e+04 	 8.397458e+02 
1.231902e-02 	 3.297407e+04 	 1.631807e+04 	 8.627778e+02 
1.241636e-02 	 3.301701e+04 	 1.631204e+04 	 8.620277e+02 
1.251446e-02 	 3.305762e+04 	 1.631027e+04 	 8.850348e+02 
1.261334e-02 	 3.309649e+04 	 1.630412e+04 	 8.847334e+02 
1.271300e-02 	 3.313430e+04 	 1.630216e+04 	 9.077194e+02 
1.281345e-02 	 3.317083e+04 	 1.629590e+04 	 9.078612e+02 
1.291469e-02 	 3.320530e+04 	 1.629372e+04 	 9.308298e+02 
1.301673e-02 	 3.323723e+04 	 1.628734e+04 	 9.314090e+02 
1.311958e-02 	 3.326724e+04 	 1.628496e+04 	 9.543631e+02 
1.322324e-02 	 3.329609e+04 	 1.627845e+04 	 9.553737e+02 
1.332772e-02 	 3.332382e+04 	 1.627585e+04 	 9.783158e+02 
1.343303e-02 	 3.334978e+04 	 1.626920e+04 	 9.797513e+02 
1.353916e-02 	 3.337344e+04 	 1.626638e+04 	 1.002683e+03 
1.364614e-02 	 3.339484e+04 	 1.625958e+04 	 1.004537e+03 
1.375396e-02 	 3.341418e+04 	 1.625653e+04 	 1.027461e+03 
1.386263e-02 	 3.343148e+04 	 1.624957e+04 	 1.029725e+03 
1.397216e-02 	 3.344667e+04 	 1.624629e+04 	 1.052641e+03 
1.408256e-02 	 3.345969e+04 	 1.623917e+04 	 1.055309e+03 
1.419383e-02 	 3.347075e+04 	 1.623564e+04 	 1.078218e+03 
1.430598e-02 	 3.348009e+04 	 1.622835e+04 	 1.081281e+03 
1.441901e-02 	 3.348780e+04 	 1.622457e+04 	 1.104182e+03 
1.453294e-02 	 3.349369e+04 	 1.621710e+04 	 1.107631e+03 
1.464777e-02 	 3.349756e+04 	 1.621307e+04 	 1.130523e+03 
1.476350e-02 	 3.349913e+04 	 1.620540e+04 	 1.134350e+03 
1.488015e-02 	 3.349810e+04 	 1.620110e+04 	 1.157232e+03 
1.499773e-02 	 3.349451e+04 	 1.619324e+04 	 1.161428e+03 
1.511623e-02 	 3.348892e+04 	 1.618866e+04 	 1.184297e+03 
1.523566e-02 	 3.348189e+04 	 1.618059e+04 	 1.188850e+03 
1.535604e-02 	 3.347319e+04 	 1.617573e+04 	 1.211703e+03 
1.547737e-02 	 3.346220e+04 	 1.616743e+04 	 1.216604e+03 
1.559966e-02 	 3.344854e+04 	 1.616228e+04 	 1.239438e+03 
1.572292e-02 	 3.343232e+04 	 1.615375e+04 	 1.244674e+03 
1.584715e-02 	 3.341373e+04 	 1.614830e+04 	 1.267484e+03 
1.597236e-02 	 3.339274e+04 	 1.613953e+04 	 1.273044e+03 
1.609856e-02 	 3.336926e+04 	 1.613376e+04 	 1.295824e+03 
1.622576e-02 	 3.334329e+04 	 1.612474e+04 	 1.301695e+03 
1.635396e-02 	 3.331509e+04 	 1.611865e+04 	 1.324441e+03 
1.648318e-02 	 3.328495e+04 	 1.610936e+04 	 1.330610e+03 
1.661342e-02 	 3.325283e+04 	 1.610294e+04 	 1.353313e+03 
1.674468e-02 	 3.321839e+04 	 1.609338e+04 	 1.359766e+03 
1.687699e-02 	 3.318139e+04 	 1.608661e+04 	 1.382419e+03 
1.701034e-02 	 3.314184e+04 	 1.607676e+04 	 1.389141e+03 
1.714474e-02 	 3.309980e+04 	 1.606964e+04 	 1.411735e+03 
1.728020e-02 	 3.305533e+04 	 1.605949e+04 	 1.418712e+03 
1.741674e-02 	 3.300843e+04 	 1.605201e+04 	 1.441238e+03 
1.755435e-02 	 3.295916e+04 	 1.604154e+04 	 1.448452e+03 
1.769305e-02 	 3.290756e+04 	 1.603368e+04 	 1.470899e+03 
1.783285e-02 	 3.285368e+04 	 1.602289e+04 	 1.478335e+03 
1.797375e-02 	 3.279737e+04 	 1.601464e+04 	 1.500692e+03 
1.811576e-02 	 3.273824e+04 	 1.600350e+04 	 1.508331e+03 
1.825890e-02 	 3.267603e+04 	 1.599485e+04 	 1.530587e+03 
1.840317e-02 	 3.261120e+04 	 1.598337e+04 	 1.538410e+03 
1.854857e-02 	 3.254448e+04 	 1.597430e+04 	 1.560551e+03 
1.869513e-02 	 3.247602e+04 	 1.596245e+04 	 1.568540e+03 
1.884285e-02 	 3.240514e+04 	 1.595296e+04 	 1.590553e+03 
1.899173e-02 	 3.233118e+04 	 1.594072e+04 	 1.598688e+03 
1.914178e-02 	 3.225426e+04 	 1.593079e+04 	 1.620557e+03 
1.929303e-02 	 3.217481e+04 	 1.591816e+04 	 1.628817e+03 
1.944547e-02 	 3.209312e+04 	 1.590778e+04 	 1.650528e+03 
1.959911e-02 	 3.200922e+04 	 1.589474e+04 	 1.658892e+03 
1.975397e-02 	 3.192307e+04 	 1.588389e+04 	 1.680427e+03 
1.991005e-02 	 3.183435e+04 	 1.587042e+04 	 1.688873e+03 
2.006736e-02 	 3.174261e+04 	 1.585909e+04 	 1.710216e+03 
2.022592e-02 	 3.164774e+04 	 1.584519e+04 	 1.718720e+03 
2.038573e-02 	 3.155042e+04 	 1.583337e+04 	 1.739853e+03 
2.054680e-02 	 3.145142e+04 	 1.581901e+04 	 1.748392e+03 
2.070914e-02 	 3.135058e+04 	 1.580667e+04 	 1.769296e+03 
2.087277e-02 	 3.124714e+04 	 1.579185e+04 	 1.777847e+03 
2.103769e-02 	 3.114056e+04 	 1.577899e+04 	 1.798502e+03 
2.120391e-02 	 3.103111e+04 	 1.576368e+04 	 1.807040e+03 
2.137145e-02 	 3.091917e+04 	 1.575029e+04 	 1.827427e+03 
2.154031e-02 	 3.080507e+04 	 1.573447e+04 	 1.835926e+03 
2.171050e-02 	 3.068907e+04 	 1.572053e+04 	 1.856024e+03 
2.188204e-02 	 3.057127e+04 	 1.570420e+04 	 1.864458e+03 
2.205494e-02 	 3.045111e+04 	 1.568970e+04 	 1.884246e+03 
2.222920e-02 	 3.032789e+04 	 1.567284e+04 	 1.892591e+03 
2.240484e-02 	 3.020158e+04 	 1.565775e+04 	 1.912047e+03 
2.258186e-02 	 3.007280e+04 	 1.564035e+04 	 1.920275e+03 
2.276029e-02 	 2.994215e+04 	 1.562467e+04 	 1.939378e+03 
2.294012e-02 	 2.980963e+04 	 1.560670e+04 	 1.947463e+03 
2.312138e-02 	 2.967512e+04 	 1.559041e+04 	 1.966190e+03 
2.330406e-02 	 2.953856e+04 	 1.557188e+04 	 1.974105e+03 
2.348819e-02 	 2.940004e+04 	 1.555497e+04 	 1.992434e+03 
2.367378e-02 	 2.925956e+04 	 1.553584e+04 	 2.000152e+03 
2.386083e-02 	 2.911676e+04 	 1.551829e+04 	 2.018061e+03 
2.404936e-02 	 2.897114e+04 	 1.549856e+04 	 2.025556e+03 
2.423938e-02 	 2.882279e+04 	 1.548036e+04 	 2.043022e+03 
2.443090e-02 	 2.867271e+04 	 1.546002e+04 	 2.050268e+03 
2.462393e-02 	 2.852188e+04 	 1.544116e+04 	 2.067269e+03 
2.481849e-02 	 2.836993e+04 	 1.542018e+04 	 2.074240e+03 
2.501459e-02 	 2.821589e+04 	 1.540065e+04 	 2.090754e+03 
2.521223e-02 	 2.805923e+04 	 1.537902e+04 	 2.097424e+03 
2.541144e-02 	 2.790040e+04 	 1.535881e+04 	 2.113430e+03 
2.561222e-02 	 2.773990e+04 	 1.533653e+04 	 2.119774e+03 
2.581459e-02 	 2.757784e+04 	 1.531561e+04 	 2.135252e+03 
2.601856e-02 	 2.741408e+04 	 1.529266e+04 	 2.141246e+03 
2.622413e-02 	 2.724857e+04 	 1.527104e+04 	 2.156175e+03 
2.643134e-02 	 2.708154e+04 	 1.524741e+04 	 2.161797e+03 
2.664018e-02 	 2.691322e+04 	 1.522507e+04 	 2.176159e+03 
2.685067e-02 	 2.674365e+04 	 1.520075e+04 	 2.181386e+03 
2.706282e-02 	 2.657268e+04 	 1.517769e+04 	 2.195164e+03 
2.727665e-02 	 2.640019e+04 	 1.515267e+04 	 2.199975e+03 
2.749217e-02 	 2.622612e+04 	 1.512887e+04 	 2.213151e+03 
2.770939e-02 	 2.605042e+04 	 1.510314e+04 	 2.217529e+03 
2.792833e-02 	 2.587340e+04 	 1.507860e+04 	 2.230089e+03 
2.814899e-02 	 2.569564e+04 	 1.505216e+04 	 2.234014e+03 
2.837141e-02 	 2.551758e+04 	 1.502687e+04 	 2.245946e+03 
2.859557e-02 	 2.533887e+04 	 1.499971e+04 	 2.249404e+03 
2.882151e-02 	 2.515897e+04 	 1.497366e+04 	 2.260696e+03 
2.904924e-02 	 2.497777e+04 	 1.494578e+04 	 2.263673e+03 
2.927876e-02 	 2.479566e+04 	 1.491897e+04 	 2.274316e+03 
2.951010e-02 	 2.461302e+04 	 1.489036e+04 	 2.276801e+03 
2.974327e-02 	 2.442986e+04 	 1.486279e+04 	 2.286788e+03 
2.997828e-02 	 2.424608e+04 	 1.483345e+04 	 2.288773e+03 
3.021514e-02 	 2.406180e+04 	 1.480512e+04 	 2.298100e+03 
3.045388e-02 	 2.387743e+04 	 1.477504e+04 	 2.299577e+03 
3.069450e-02 	 2.369336e+04 	 1.474596e+04 	 2.308243e+03 
3.093702e-02 	 2.350943e+04 	 1.471515e+04 	 2.309210e+03 
3.118146e-02 	 2.332524e+04 	 1.468531e+04 	 2.317215e+03 
3.142783e-02 	 2.314061e+04 	 1.465377e+04 	 2.317671e+03 
3.167615e-02 	 2.295570e+04 	 1.462317e+04 	 2.325019e+03 
3.192643e-02 	 2.277071e+04 	 1.459090e+04 	 2.324967e+03 
3.217869e-02 	 2.258574e+04 	 1.455956e+04 	 2.331666e+03 
3.243294e-02 	 2.240089e+04 	 1.452657e+04 	 2.331111e+03 
3.268920e-02 	 2.221617e+04 	 1.449448e+04 	 2.337170e+03 
3.294748e-02 	 2.203142e+04 	 1.446079e+04 	 2.336122e+03 
3.320781e-02 	 2.184658e+04 	 1.442796e+04 	 2.341554e+03 
3.347019e-02 	 2.166252e+04 	 1.439356e+04 	 2.340024e+03 
3.373465e-02 	 2.148074e+04 	 1.436002e+04 	 2.344847e+03 
3.400119e-02 	 2.130109e+04 	 1.432492e+04 	 2.342851e+03 
3.426984e-02 	 2.111880e+04 	 1.429066e+04 	 2.347084e+03 
3.454062e-02 	 2.092843e+04 	 1.425489e+04 	 2.344641e+03 
3.481353e-02 	 2.072887e+04 	 1.421994e+04 	 2.348307e+03 
3.508860e-02 	 2.052253e+04 	 1.418350e+04 	 2.345439e+03 
3.536584e-02 	 2.031206e+04 	 1.414786e+04 	 2.348564e+03 
3.564527e-02 	 2.010023e+04 	 1.411077e+04 	 2.345296e+03 
3.592691e-02 	 1.988994e+04 	 1.407447e+04 	 2.347910e+03 
3.621078e-02 	 1.968423e+04 	 1.403674e+04 	 2.344269e+03 
3.649689e-02 	 1.948611e+04 	 1.399979e+04 	 2.346404e+03 
3.678526e-02 	 1.929613e+04 	 1.396146e+04 	 2.342423e+03 
3.707591e-02 	 1.911280e+04 	 1.392388e+04 	 2.344114e+03 
3.736885e-02 	 1.893452e+04 	 1.388495e+04 	 2.339826e+03 
3.766411e-02 	 1.875959e+04 	 1.384677e+04 	 2.341110e+03 
3.796170e-02 	 1.858626e+04 	 1.380727e+04 	 2.336551e+03 
3.826165e-02 	 1.841282e+04 	 1.376851e+04 	 2.337468e+03 
3.856396e-02 	 1.823904e+04 	 1.372846e+04 	 2.332676e+03 
3.886866e-02 	 1.806546e+04 	 1.368914e+04 	 2.333267e+03 
3.917577e-02 	 1.789267e+04 	 1.364856e+04 	 2.328282e+03 
3.948531e-02 	 1.772127e+04 	 1.360871e+04 	 2.328590e+03 
3.979729e-02 	 1.755191e+04 	 1.356763e+04 	 2.323454e+03 
4.011174e-02 	 1.738515e+04 	 1.352727e+04 	 2.323523e+03 
4.042867e-02 	 1.722109e+04 	 1.348572e+04 	 2.318276e+03 
4.074811e-02 	 1.705967e+04 	 1.344487e+04 	 2.318150e+03 
4.107007e-02 	 1.690081e+04 	 1.340286e+04 	 2.312836e+03 
4.139457e-02 	 1.674442e+04 	 1.336156e+04 	 2.312559e+03 
4.172164e-02 	 1.659042e+04 	 1.331913e+04 	 2.307219e+03 
4.205129e-02 	 1.643873e+04 	 1.327739e+04 	 2.306834e+03 
4.238354e-02 	 1.628943e+04 	 1.323455e+04 	 2.301509e+03 
4.271843e-02 	 1.614257e+04 	 1.319241e+04 	 2.301059e+03 
4.305595e-02 	 1.599825e+04 	 1.314919e+04 	 2.295788e+03 
4.339615e-02 	 1.585655e+04 	 1.310666e+04 	 2.295313e+03 
4.373903e-02 	 1.571754e+04 	 1.306309e+04 	 2.290133e+03 
4.408462e-02 	 1.558130e+04 	 1.302019e+04 	 2.289671e+03 
4.443294e-02 	 1.544787e+04 	 1.297628e+04 	 2.284616e+03 
4.478402e-02 	 1.531726e+04 	 1.293305e+04 	 2.284201e+03 
4.513787e-02 	 1.518952e+04 	 1.288882e+04 	 2.279302e+03 
4.549451e-02 	 1.506466e+04 	 1.284525e+04 	 2.278964e+03 
4.585397e-02 	 1.494271e+04 	 1.280073e+04 	 2.274248e+03 
4.621627e-02 	 1.482370e+04 	 1.275685e+04 	 2.274013e+03 
4.658144e-02 	 1.470765e+04 	 1.271204e+04 	 2.269500e+03 
4.694949e-02 	 1.459457e+04 	 1.266786e+04 	 2.269388e+03 
4.732045e-02 	 1.448451e+04 	 1.262277e+04 	 2.265094e+03 
4.769433e-02 	 1.437746e+04 	 1.257831e+04 	 2.265121e+03 
4.807118e-02 	 1.427346e+04 	 1.253294e+04 	 2.261055e+03 
4.845100e-02 	 1.417250e+04 	 1.248820e+04 	 2.261228e+03 
4.883382e-02 	 1.407459e+04 	 1.244257e+04 	 2.257394e+03 
4.921967e-02 	 1.397971e+04 	 1.239754e+04 	 2.257714e+03 
4.960856e-02 	 1.388786e+04 	 1.235164e+04 	 2.254108e+03 
5.000053e-02 	 1.379903e+04 	 1.230632e+04 	 2.254570e+03 
5.039560e-02 	 1.371319e+04 	 1.226015e+04 	 2.251180e+03 
5.079378e-02 	 1.363037e+04 	 1.221454e+04 	 2.251769e+03 
5.119511e-02 	 1.355058e+04 	 1.216808e+04 	 2.248576e+03 
5.159962e-02 	 1.347386e+04 	 1.212216e+04 	 2.249271e+03 
5.200732e-02 	 1.340022e+04 	 1.207540e+04 	 2.246249e+03 
5.241824e-02 	 1.332970e+04 	 1.202916e+04 	 2.247021e+03 
5.283241e-02 	 1.326230e+04 	 1.198209e+04 	 2.244135e+03 
5.324985e-02 	 1.319792e+04 	 1.193550e+04 	 2.244948e+03 
5.367058e-02 	 1.313639e+04 	 1.188808e+04 	 2.242156e+03 
5.409465e-02 	 1.307755e+04 	 1.184112e+04 	 2.242965e+03 
5.452206e-02 	 1.302122e+04 	 1.179332e+04 	 2.240218e+03 
5.495285e-02 	 1.296719e+04 	 1.174596e+04 	 2.240973e+03 
5.538705e-02 	 1.291524e+04 	 1.169775e+04 	 2.238216e+03 
5.582467e-02 	 1.286505e+04 	 1.164995e+04 	 2.238860e+03 
5.626575e-02 	 1.281622e+04 	 1.160130e+04 	 2.236031e+03 
5.671032e-02 	 1.276838e+04 	 1.155303e+04 	 2.236502e+03 
5.715840e-02 	 1.272109e+04 	 1.150389e+04 	 2.233536e+03 
5.761002e-02 	 1.267392e+04 	 1.145510e+04 	 2.233767e+03 
5.806521e-02 	 1.262646e+04 	 1.140543e+04 	 2.230593e+03 
5.852400e-02 	 1.257845e+04 	 1.135608e+04 	 2.230514e+03 
5.898641e-02 	 1.252964e+04 	 1.130584e+04 	 2.227061e+03 
5.945247e-02 	 1.247979e+04 	 1.125588e+04 	 2.226601e+03 
5.992222e-02 	 1.242862e+04 	 1.120502e+04 	 2.222795e+03 
6.039568e-02 	 1.237586e+04 	 1.115440e+04 	 2.221882e+03 
6.087288e-02 	 1.232126e+04 	 1.110288e+04 	 2.217651e+03 
6.135385e-02 	 1.226463e+04 	 1.105157e+04 	 2.216213e+03 
6.183862e-02 	 1.220580e+04 	 1.099934e+04 	 2.211485e+03 
6.232722e-02 	 1.214457e+04 	 1.094728e+04 	 2.209456e+03 
6.281968e-02 	 1.208074e+04 	 1.089431e+04 	 2.204164e+03 
6.331603e-02 	 1.201411e+04 	 1.084147e+04 	 2.201480e+03 
6.381630e-02 	 1.194450e+04 	 1.078770e+04 	 2.195563e+03 
6.432053e-02 	 1.187173e+04 	 1.073405e+04 	 2.192167e+03 
6.482874e-02 	 1.179565e+04 	 1.067946e+04 	 2.185572e+03 
6.534097e-02 	 1.171607e+04 	 1.062496e+04 	 2.181414e+03 
6.585724e-02 	 1.163283e+04 	 1.056953e+04 	 2.174095e+03 
6.637759e-02 	 1.154574e+04 	 1.051416e+04 	 2.169138e+03 
6.690205e-02 	 1.145476e+04 	 1.045785e+04 	 2.161059e+03 
6.743066e-02 	 1.136000e+04 	 1.040159e+04 	 2.155275e+03 
6.796345e-02 	 1.126155e+04 	 1.034441e+04 	 2.146414e+03 
6.850044e-02 	 1.115955e+04 	 1.028725e+04 	 2.139787e+03 
6.904168e-02 	 1.105411e+04 	 1.022918e+04 	 2.130134e+03 
6.958719e-02 	 1.094538e+04 	 1.017114e+04 	 2.122662e+03 
7.013701e-02 	 1.083360e+04 	 1.011219e+04 	 2.112221e+03 
7.069118e-02 	 1.071909e+04 	 1.005326e+04 	 2.103916e+03 
7.124973e-02 	 1.060220e+04 	 9.993451e+03 	 2.092707e+03 
7.181269e-02 	 1.048327e+04 	 9.933665e+03 	 2.083596e+03 
7.238009e-02 	 1.036269e+04 	 9.873016e+03 	 2.071651e+03 
7.295198e-02 	 1.024082e+04 	 9.812402e+03 	 2.061776e+03 
7.352839e-02 	 1.011793e+04 	 9.750952e+03 	 2.049142e+03 
7.410936e-02 	 9.994211e+03 	 9.689551e+03 	 2.038560e+03 
7.469491e-02 	 9.869892e+03 	 9.627347e+03 	 2.025299e+03 
7.528509e-02 	 9.745200e+03 	 9.565209e+03 	 2.014078e+03 
7.587994e-02 	 9.620374e+03 	 9.502306e+03 	 2.000265e+03 
7.647948e-02 	 9.495652e+03 	 9.439490e+03 	 1.988486e+03 
7.708376e-02 	 9.371213e+03 	 9.375952e+03 	 1.974207e+03 
7.769282e-02 	 9.247228e+03 	 9.312527e+03 	 1.961963e+03 
7.830668e-02 	 9.123875e+03 	 9.248422e+03 	 1.947314e+03 
7.892540e-02 	 9.001340e+03 	 9.184461e+03 	 1.934704e+03 
7.954901e-02 	 8.879815e+03 	 9.119868e+03 	 1.919788e+03 
8.017754e-02 	 8.759486e+03 	 9.055449e+03 	 1.906920e+03 
8.081104e-02 	 8.640494e+03 	 8.990448e+03 	 1.891845e+03 
8.144955e-02 	 8.522976e+03 	 8.925655e+03 	 1.878830e+03 
8.209310e-02 	 8.407077e+03 	 8.860330e+03 	 1.863706e+03 
8.274173e-02 	 8.292946e+03 	 8.795247e+03 	 1.850655e+03 
8.339549e-02 	 8.180737e+03 	 8.729683e+03 	 1.835593e+03 
8.405442e-02 	 8.070564e+03 	 8.664397e+03 	 1.822618e+03 
8.471855e-02 	 7.962464e+03 	 8.598679e+03 	 1.807725e+03 
8.538793e-02 	 7.856463e+03 	 8.533274e+03 	 1.794930e+03 
8.606260e-02 	 7.752586e+03 	 8.467486e+03 	 1.780310e+03 
8.674260e-02 	 7.650858e+03 	 8.402045e+03 	 1.767794e+03 
8.742797e-02 	 7.551304e+03 	 8.336268e+03 	 1.753540e+03 
8.811876e-02 	 7.453915e+03 	 8.270870e+03 	 1.741395e+03 
8.881500e-02 	 7.358641e+03 	 8.205182e+03 	 1.727592e+03 
8.951675e-02 	 7.265425e+03 	 8.139901e+03 	 1.715897e+03 
9.022404e-02 	 7.174206e+03 	 8.074373e+03 	 1.702617e+03 
9.093692e-02 	 7.084918e+03 	 8.009279e+03 	 1.691440e+03 
9.165543e-02 	 6.997492e+03 	 7.943977e+03 	 1.678744e+03 
9.237962e-02 	 6.911884e+03 	 7.879134e+03 	 1.668140e+03 
9.310953e-02 	 6.828069e+03 	 7.814118e+03 	 1.656075e+03 
9.384521e-02 	 6.746021e+03 	 7.749583e+03 	 1.646083e+03 
9.458670e-02 	 6.665710e+03 	 7.684907e+03 	 1.634683e+03 
9.533405e-02 	 6.587106e+03 	 7.620730e+03 	 1.625332e+03 
9.608731e-02 	 6.510172e+03 	 7.556441e+03 	 1.614615e+03 
9.684651e-02 	 6.434873e+03 	 7.492666e+03 	 1.605918e+03 
9.761172e-02 	 6.361169e+03 	 7.428804e+03 	 1.595892e+03 
9.838297e-02 	 6.289015e+03 	 7.365468e+03 	 1.587850e+03 
9.916031e-02 	 6.218365e+03 	 7.302069e+03 	 1.578508e+03 
9.994380e-02 	 6.149170e+03 	 7.239203e+03 	 1.571111e+03 
1.007335e-01 	 6.081382e+03 	 7.176294e+03 	 1.562437e+03 
1.015294e-01 	 6.014999e+03 	 7.113925e+03 	 1.555662e+03 
1.023316e-01 	 5.950031e+03 	 7.051528e+03 	 1.547628e+03 
1.031401e-01 	 5.886489e+03 	 6.989675e+03 	 1.541445e+03 
1.039551e-01 	 5.824384e+03 	 6.927809e+03 	 1.534015e+03 
1.047764e-01 	 5.763726e+03 	 6.866486e+03 	 1.528382e+03 
1.056043e-01 	 5.704491e+03 	 6.805162e+03 	 1.521512e+03 
1.064387e-01 	 5.646534e+03 	 6.744381e+03 	 1.516382e+03 
1.072797e-01 	 5.589670e+03 	 6.683607e+03 	 1.510018e+03 
1.081273e-01 	 5.533705e+03 	 6.623372e+03 	 1.505337e+03 
1.089817e-01 	 5.478436e+03 	 6.563151e+03 	 1.499421e+03 
1.098428e-01 	 5.423647e+03 	 6.503465e+03 	 1.495126e+03 
1.107107e-01 	 5.369208e+03 	 6.443796e+03 	 1.489594e+03 
1.115854e-01 	 5.315217e+03 	 6.384656e+03 	 1.485620e+03 
1.124671e-01 	 5.261809e+03 	 6.325536e+03 	 1.480401e+03 
1.133557e-01 	 5.209130e+03 	 6.266935e+03 	 1.476676e+03 
1.142513e-01 	 5.157327e+03 	 6.208356e+03 	 1.471698e+03 
1.151541e-01 	 5.106557e+03 	 6.150287e+03 	 1.468147e+03 
1.160639e-01 	 5.056858e+03 	 6.092239e+03 	 1.463332e+03 
1.169810e-01 	 5.008071e+03 	 6.034689e+03 	 1.459878e+03 
1.179053e-01 	 4.960009e+03 	 5.977160e+03 	 1.455148e+03 
1.188369e-01 	 4.912474e+03 	 5.920118e+03 	 1.451712e+03 
1.197758e-01 	 4.865260e+03 	 5.863095e+03 	 1.446987e+03 
1.207222e-01 	 4.818154e+03 	 5.806548e+03 	 1.443492e+03 
1.216760e-01 	 4.771038e+03 	 5.750017e+03 	 1.438695e+03 
1.226374e-01 	 4.723912e+03 	 5.693951e+03 	 1.435066e+03 
1.236064e-01 	 4.676782e+03 	 5.637900e+03 	 1.430125e+03 
1.245831e-01 	 4.629652e+03 	 5.582305e+03 	 1.426292e+03 
1.255674e-01 	 4.582529e+03 	 5.526724e+03 	 1.421139e+03 
1.265595e-01 	 4.535415e+03 	 5.471590e+03 	 1.417039e+03 
1.275595e-01 	 4.488288e+03 	 5.416472e+03 	 1.411617e+03 
1.285674e-01 	 4.441100e+03 	 5.361795e+03 	 1.407198e+03 
1.295832e-01 	 4.393804e+03 	 5.307137e+03 	 1.401458e+03 
1.306071e-01 	 4.346349e+03 	 5.252915e+03 	 1.396680e+03 
1.316391e-01 	 4.298680e+03 	 5.198719e+03 	 1.390587e+03 
1.326792e-01 	 4.250749e+03 	 5.144959e+03 	 1.385420e+03 
1.337275e-01 	 4.202565e+03 	 5.091233e+03 	 1.378953e+03 
1.347841e-01 	 4.154170e+03 	 5.037944e+03 	 1.373382e+03 
1.358491e-01 	 4.105608e+03 	 4.984702e+03 	 1.366531e+03 
1.369224e-01 	 4.056924e+03 	 4.931901e+03 	 1.360554e+03 
1.380043e-01 	 4.008165e+03 	 4.879161e+03 	 1.353321e+03 
1.390947e-01 	 3.959382e+03 	 4.826872e+03 	 1.346948e+03 
1.401937e-01 	 3.910621e+03 	 4.774659e+03 	 1.339349e+03 
1.413014e-01 	 3.861931e+03 	 4.722908e+03 	 1.332598e+03 
1.424179e-01 	 3.813360e+03 	 4.671253e+03 	 1.324655e+03 
1.435431e-01 	 3.764962e+03 	 4.620071e+03 	 1.317555e+03 
1.446773e-01 	 3.716792e+03 	 4.569007e+03 	 1.309298e+03 
1.458204e-01 	 3.668900e+03 	 4.518430e+03 	 1.301880e+03 
1.469726e-01 	 3.621329e+03 	 4.467993e+03 	 1.293345e+03 
1.481338e-01 	 3.574115e+03 	 4.418059e+03 	 1.285646e+03 
1.493043e-01 	 3.527298e+03 	 4.368287e+03 	 1.276868e+03 
1.504840e-01 	 3.480921e+03 	 4.319034e+03 	 1.268927e+03 
1.516730e-01 	 3.435025e+03 	 4.269967e+03 	 1.259946e+03 
1.528714e-01 	 3.389648e+03 	 4.221434e+03 	 1.251802e+03 
1.540792e-01 	 3.344816e+03 	 4.173109e+03 	 1.242656e+03 
1.552967e-01 	 3.300551e+03 	 4.125333e+03 	 1.234348e+03 
1.565237e-01 	 3.256877e+03 	 4.077786e+03 	 1.225076e+03 
1.577604e-01 	 3.213819e+03 	 4.030803e+03 	 1.216643e+03 
1.590069e-01 	 3.171401e+03 	 3.984070e+03 	 1.207283e+03 
1.602633e-01 	 3.129648e+03 	 3.937912e+03 	 1.198763e+03 
1.615295e-01 	 3.088582e+03 	 3.892021e+03 	 1.189352e+03 
1.628058e-01 	 3.048227e+03 	 3.846717e+03 	 1.180779e+03 
1.640922e-01 	 3.008605e+03 	 3.801695e+03 	 1.171351e+03 
1.653887e-01 	 2.969741e+03 	 3.757268e+03 	 1.162759e+03 
1.666955e-01 	 2.931658e+03 	 3.713137e+03 	 1.153342e+03 
1.680126e-01 	 2.894359e+03 	 3.669605e+03 	 1.144757e+03 
1.693401e-01 	 2.857822e+03 	 3.626379e+03 	 1.135376e+03 
1.706781e-01 	 2.822025e+03 	 3.583755e+03 	 1.126817e+03 
1.720266e-01 	 2.786943e+03 	 3.541444e+03 	 1.117485e+03 
1.733859e-01 	 2.752550e+03 	 3.499734e+03 	 1.108965e+03 
1.747558e-01 	 2.718817e+03 	 3.458340e+03 	 1.099687e+03 
1.761366e-01 	 2.685717e+03 	 3.417544e+03 	 1.091204e+03 
1.775283e-01 	 2.653225e+03 	 3.377065e+03 	 1.081977e+03 
1.789310e-01 	 2.621312e+03 	 3.337177e+03 	 1.073523e+03 
1.803448e-01 	 2.589949e+03 	 3.297605e+03 	 1.064333e+03 
1.817697e-01 	 2.559103e+03 	 3.258615e+03 	 1.055890e+03 
1.832059e-01 	 2.528743e+03 	 3.219937e+03 	 1.046717e+03 
1.846534e-01 	 2.498846e+03 	 3.181830e+03 	 1.038265e+03 
1.861124e-01 	 2.469393e+03 	 3.144030e+03 	 1.029085e+03 
1.875829e-01 	 2.440364e+03 	 3.106789e+03 	 1.020600e+03 
1.890651e-01 	 2.411738e+03 	 3.069847e+03 	 1.011389e+03 
1.905589e-01 	 2.383493e+03 	 3.033453e+03 	 1.002848e+03 
1.920646e-01 	 2.355604e+03 	 2.997349e+03 	 9.935849e+02 
1.935821e-01 	 2.328056e+03 	 2.961780e+03 	 9.849681e+02 
1.951117e-01 	 2.300833e+03 	 2.926493e+03 	 9.756356e+02 
1.966533e-01 	 2.273918e+03 	 2.891727e+03 	 9.669279e+02 
1.982071e-01 	 2.247292e+03 	 2.857235e+03 	 9.575119e+02 
1.997731e-01 	 2.220936e+03 	 2.823250e+03 	 9.487017e+02 
2.013516e-01 	 2.194833e+03 	 2.789530e+03 	 9.391920e+02 
2.029425e-01 	 2.168968e+03 	 2.756303e+03 	 9.302706e+02 
2.045460e-01 	 2.143329e+03 	 2.723333e+03 	 9.206594e+02 
2.061622e-01 	 2.117900e+03 	 2.690842e+03 	 9.116206e+02 
2.077911e-01 	 2.092667e+03 	 2.658599e+03 	 9.019026e+02 
2.094329e-01 	 2.067614e+03 	 2.626822e+03 	 8.927426e+02 
2.110877e-01 	 2.042731e+03 	 2.595285e+03 	 8.829153e+02 
2.127555e-01 	 2.018022e+03 	 2.564203e+03 	 8.736340e+02 
2.144366e-01 	 1.993495e+03 	 2.533352e+03 	 8.636998e+02 
2.161309e-01 	 1.969156e+03 	 2.502946e+03 	 8.543030e+02 
2.178386e-01 	 1.945011e+03 	 2.472766e+03 	 8.442711e+02 
2.195598e-01 	 1.921068e+03 	 2.443020e+03 	 8.347722e+02 
2.212945e-01 	 1.897332e+03 	 2.413496e+03 	 8.246597e+02 
2.230430e-01 	 1.873810e+03 	 2.384399e+03 	 8.150801e+02 
2.248053e-01 	 1.850507e+03 	 2.355520e+03 	 8.049117e+02 
2.265816e-01 	 1.827430e+03 	 2.327060e+03 	 7.952793e+02 
2.283719e-01 	 1.804584e+03 	 2.298816e+03 	 7.850849e+02 
2.301763e-01 	 1.781975e+03 	 2.270985e+03 	 7.754307e+02 
2.319949e-01 	 1.759608e+03 	 2.243368e+03 	 7.652414e+02 
2.338280e-01 	 1.737490e+03 	 2.216157e+03 	 7.555962e+02 
2.356755e-01 	 1.715623e+03 	 2.189157e+03 	 7.454407e+02 
2.375376e-01 	 1.694014e+03 	 2.162558e+03 	 7.358317e+02 
2.394145e-01 	 1.672667e+03 	 2.136167e+03 	 7.257354e+02 
2.413061e-01 	 1.651587e+03 	 2.110170e+03 	 7.161862e+02 
2.432127e-01 	 1.630776e+03 	 2.084378e+03 	 7.061711e+02 
2.451344e-01 	 1.610237e+03 	 2.058973e+03 	 6.967037e+02 
2.470713e-01 	 1.589972e+03 	 2.033772e+03 	 6.867919e+02 
2.490234e-01 	 1.569981e+03 	 2.008951e+03 	 6.774296e+02 
2.509910e-01 	 1.550267e+03 	 1.984332e+03 	 6.676456e+02 
2.529742e-01 	 1.530830e+03 	 1.960087e+03 	 6.584143e+02 
2.549730e-01 	 1.511673e+03 	 1.936042e+03 	 6.487850e+02 
2.569876e-01 	 1.492798e+03 	 1.912366e+03 	 6.397124e+02 
2.590181e-01 	 1.474207e+03 	 1.888887e+03 	 6.302646e+02 
2.610646e-01 	 1.455902e+03 	 1.865771e+03 	 6.213756e+02 
2.631274e-01 	 1.437885e+03 	 1.842848e+03 	 6.121307e+02 
2.652064e-01 	 1.420156e+03 	 1.820282e+03 	 6.034426e+02 
2.673018e-01 	 1.402710e+03 	 1.797906e+03 	 5.944128e+02 
2.694139e-01 	 1.385542e+03 	 1.775877e+03 	 5.859330e+02 
2.715425e-01 	 1.368645e+03 	 1.754033e+03 	 5.771208e+02 
2.736881e-01 	 1.352010e+03 	 1.732526e+03 	 5.688483e+02 
2.758505e-01 	 1.335631e+03 	 1.711197e+03 	 5.602504e+02 
2.780301e-01 	 1.319499e+03 	 1.690198e+03 	 5.521815e+02 
2.802269e-01 	 1.303609e+03 	 1.669370e+03 	 5.437946e+02 
2.824410e-01 	 1.287954e+03 	 1.648862e+03 	 5.359281e+02 
2.846726e-01 	 1.272529e+03 	 1.628520e+03 	 5.277534e+02 
2.869219e-01 	 1.257326e+03 	 1.608490e+03 	 5.200927e+02 
2.891889e-01 	 1.242339e+03 	 1.588622e+03 	 5.121346e+02 
2.914739e-01 	 1.227560e+03 	 1.569059e+03 	 5.046841e+02 
2.937769e-01 	 1.212986e+03 	 1.549653e+03 	 4.969448e+02 
2.960980e-01 	 1.198611e+03 	 1.530544e+03 	 4.897033e+02 
2.984376e-01 	 1.184432e+03 	 1.511587e+03 	 4.821766e+02 
3.007956e-01 	 1.170442e+03 	 1.492919e+03 	 4.751325e+02 
3.031723e-01 	 1.156637e+03 	 1.474396e+03 	 4.678020e+02 
3.055677e-01 	 1.143010e+03 	 1.456154e+03 	 4.609358e+02 
3.079820e-01 	 1.129559e+03 	 1.438052e+03 	 4.537801e+02 
3.104155e-01 	 1.116278e+03 	 1.420222e+03 	 4.470716e+02 
3.128681e-01 	 1.103164e+03 	 1.402528e+03 	 4.400735e+02 
3.153402e-01 	 1.090210e+03 	 1.385098e+03 	 4.335098e+02 
3.178317e-01 	 1.077411e+03 	 1.367801e+03 	 4.266616e+02 
3.203430e-01 	 1.064765e+03 	 1.350763e+03 	 4.202402e+02 
3.228741e-01 	 1.052267e+03 	 1.333854e+03 	 4.135422e+02 
3.254252e-01 	 1.039916e+03 	 1.317198e+03 	 4.072649e+02 
3.279964e-01 	 1.027709e+03 	 1.300669e+03 	 4.007185e+02 
3.305880e-01 	 1.015641e+03 	 1.284386e+03 	 3.945846e+02 
3.332001e-01 	 1.003710e+03 	 1.268226e+03 	 3.881859e+02 
3.358328e-01 	 9.919142e+02 	 1.252308e+03 	 3.821886e+02 
3.384862e-01 	 9.802527e+02 	 1.236508e+03 	 3.759286e+02 
3.411607e-01 	 9.687248e+02 	 1.220945e+03 	 3.700586e+02 
3.438563e-01 	 9.573293e+02 	 1.205498e+03 	 3.639287e+02 
3.465732e-01 	 9.460650e+02 	 1.190283e+03 	 3.581798e+02 
3.493115e-01 	 9.349315e+02 	 1.175185e+03 	 3.521763e+02 
3.520715e-01 	 9.239330e+02 	 1.160318e+03 	 3.465471e+02 
3.548533e-01 	 9.130759e+02 	 1.145567e+03 	 3.406696e+02 
3.576571e-01 	 9.023665e+02 	 1.131045e+03 	 3.351589e+02 
3.604830e-01 	 8.918116e+02 	 1.116641e+03 	 3.294040e+02 
3.633312e-01 	 8.814179e+02 	 1.102463e+03 	 3.240056e+02 
3.662020e-01 	 8.711909e+02 	 1.088403e+03 	 3.183635e+02 
3.690954e-01 	 8.611311e+02 	 1.074566e+03 	 3.130656e+02 
3.720117e-01 	 8.512374e+02 	 1.060844e+03 	 3.075232e+02 
3.749511e-01 	 8.415086e+02 	 1.047340e+03 	 3.023127e+02 
3.779136e-01 	 8.319435e+02 	 1.033947e+03 	 2.968582e+02 
3.808996e-01 	 8.225402e+02 	 1.020766e+03 	 2.917244e+02 
3.839092e-01 	 8.132847e+02 	 1.007690e+03 	 2.863469e+02 
3.869425e-01 	 8.041318e+02 	 9.948169e+02 	 2.812784e+02 
3.899999e-01 	 7.950301e+02 	 9.820430e+02 	 2.759650e+02 
3.930813e-01 	 7.859251e+02 	 9.694643e+02 	 2.709482e+02 
3.961872e-01 	 7.767600e+02 	 9.569809e+02 	 2.656867e+02 
3.993175e-01 	 7.674761e+02 	 9.446895e+02 	 2.607143e+02 
4.024726e-01 	 7.580690e+02 	 9.324961e+02 	 2.555055e+02 
4.056526e-01 	 7.486257e+02 	 9.204998e+02 	 2.505894e+02 
4.088578e-01 	 7.392459e+02 	 9.086123e+02 	 2.454572e+02 
4.120883e-01 	 7.300340e+02 	 8.969335e+02 	 2.406310e+02 
4.153443e-01 	 7.210992e+02 	 8.853776e+02 	 2.356137e+02 
4.186260e-01 	 7.125525e+02 	 8.740411e+02 	 2.309150e+02 
4.219336e-01 	 7.044233e+02 	 8.628367e+02 	 2.260426e+02 
4.252674e-01 	 6.966477e+02 	 8.518536e+02 	 2.214890e+02 
4.286275e-01 	 6.891539e+02 	 8.410011e+02 	 2.167650e+02 
4.320142e-01 	 6.818662e+02 	 8.303618e+02 	 2.123474e+02 
4.354277e-01 	 6.747052e+02 	 8.198432e+02 	 2.077539e+02 
4.388681e-01 	 6.675919e+02 	 8.095247e+02 	 2.034511e+02 
4.423357e-01 	 6.605038e+02 	 7.993154e+02 	 1.989679e+02 
4.458306e-01 	 6.534617e+02 	 7.892943e+02 	 1.947640e+02 
4.493533e-01 	 6.464882e+02 	 7.793737e+02 	 1.903798e+02 
4.529037e-01 	 6.396071e+02 	 7.696321e+02 	 1.862666e+02 
4.564822e-01 	 6.328434e+02 	 7.599842e+02 	 1.819742e+02 
4.600889e-01 	 6.262189e+02 	 7.505069e+02 	 1.779441e+02 
4.637242e-01 	 6.197249e+02 	 7.411162e+02 	 1.737355e+02 
4.673882e-01 	 6.133360e+02 	 7.318871e+02 	 1.697821e+02 
4.710811e-01 	 6.070257e+02 	 7.227377e+02 	 1.656542e+02 
4.748032e-01 	 6.007660e+02 	 7.137417e+02 	 1.617792e+02 
4.785548e-01 	 5.945274e+02 	 7.048196e+02 	 1.577373e+02 
4.823359e-01 	 5.882867e+02 	 6.960450e+02 	 1.539469e+02 
4.861470e-01 	 5.820578e+02 	 6.873411e+02 	 1.499947e+02 
4.899881e-01 	 5.758681e+02 	 6.787812e+02 	 1.462880e+02 
4.938596e-01 	 5.697461e+02 	 6.702913e+02 	 1.424200e+02 
4.977617e-01 	 5.637216e+02 	 6.619444e+02 	 1.387904e+02 
5.016946e-01 	 5.578258e+02 	 6.536689e+02 	 1.350038e+02 
5.056586e-01 	 5.520811e+02 	 6.455370e+02 	 1.314558e+02 
5.096539e-01 	 5.464774e+02 	 6.374789e+02 	 1.277623e+02 
5.136808e-01 	 5.409969e+02 	 6.295643e+02 	 1.243116e+02 
5.177395e-01 	 5.356210e+02 	 6.217239e+02 	 1.207251e+02 
5.218303e-01 	 5.303300e+02 	 6.140247e+02 	 1.173780e+02 
5.259534e-01 	 5.251032e+02 	 6.063972e+02 	 1.138938e+02 
5.301091e-01 	 5.199241e+02 	 5.989065e+02 	 1.106368e+02 
5.342976e-01 	 5.147868e+02 	 5.914849e+02 	 1.072374e+02 
5.385192e-01 	 5.096865e+02 	 5.841968e+02 	 1.040549e+02 
5.427741e-01 	 5.046179e+02 	 5.769772e+02 	 1.007318e+02 
5.470627e-01 	 4.995758e+02 	 5.698910e+02 	 9.762469e+01 
5.513852e-01 	 4.945549e+02 	 5.628761e+02 	 9.438688e+01 
5.557418e-01 	 4.895678e+02 	 5.559977e+02 	 9.137041e+01 
5.601328e-01 	 4.846547e+02 	 5.491963e+02 	 8.823730e+01 
5.645585e-01 	 4.798592e+02 	 5.425366e+02 	 8.533282e+01 
5.690192e-01 	 4.752272e+02 	 5.359599e+02 	 8.232423e+01 
5.735152e-01 	 4.708068e+02 	 5.295279e+02 	 7.954531e+01 
5.780467e-01 	 4.666453e+02 	 5.231797e+02 	 7.666254e+01 
5.826139e-01 	 4.627321e+02 	 5.169703e+02 	 7.399372e+01 
5.872173e-01 	 4.589968e+02 	 5.108344e+02 	 7.120367e+01 
5.918570e-01 	 4.553634e+02 	 5.048207e+02 	 6.859863e+01 
5.965334e-01 	 4.517520e+02 	 4.988618e+02 	 6.584968e+01 
6.012467e-01 	 4.480787e+02 	 4.930051e+02 	 6.326066e+01 
6.059973e-01 	 4.442622e+02 	 4.871869e+02 	 6.051600e+01 
6.107854e-01 	 4.402969e+02 	 4.814583e+02 	 5.792115e+01 
6.156114e-01 	 4.362293e+02 	 4.757628e+02 	 5.517437e+01 
6.204755e-01 	 4.321093e+02 	 4.701561e+02 	 5.258098e+01 
6.253780e-01 	 4.279891e+02 	 4.645871e+02 	 4.984929e+01 
6.303192e-01 	 4.239235e+02 	 4.591125e+02 	 4.728001e+01 
6.352995e-01 	 4.199634e+02 	 4.536823e+02 	 4.458678e+01 
6.403191e-01 	 4.161164e+02 	 4.483505e+02 	 4.206245e+01 
6.453784e-01 	 4.123698e+02 	 4.430652e+02 	 3.942500e+01 
6.504777e-01 	 4.087102e+02 	 4.378773e+02 	 3.696089e+01 
6.556173e-01 	 4.051234e+02 	 4.327345e+02 	 3.439363e+01 
6.607975e-01 	 4.015947e+02 	 4.276857e+02 	 3.200228e+01 
6.660186e-01 	 3.981108e+02 	 4.226790e+02 	 2.951176e+01 
6.712809e-01 	 3.946690e+02 	 4.177620e+02 	 2.718989e+01 
6.765848e-01 	 3.912697e+02 	 4.128840e+02 	 2.476339e+01 
6.819307e-01 	 3.879133e+02 	 4.080921e+02 	 2.249591e+01 
6.873188e-01 	 3.846000e+02 	 4.033379e+02 	 2.012636e+01 
6.927494e-01 	 3.813302e+02 	 3.986682e+02 	 1.792163e+01 
6.982230e-01 	 3.781041e+02 	 3.940358e+02 	 1.563110e+01 
7.037398e-01 	 3.749231e+02 	 3.894863e+02 	 1.351479e+01 
7.093002e-01 	 3.717881e+02 	 3.849733e+02 	 1.132026e+01 
7.149045e-01 	 3.687003e+02 	 3.805417e+02 	 9.294367e+00 
7.205531e-01 	 3.656611e+02 	 3.761461e+02 	 7.184896e+00 
7.262464e-01 	 3.626715e+02 	 3.718308e+02 	 5.232820e+00 
7.319846e-01 	 3.597316e+02 	 3.675513e+02 	 3.192680e+00 
7.377682e-01 	 3.568394e+02 	 3.633499e+02 	 1.302995e+00 
7.435974e-01 	 3.539922e+02 	 3.591818e+02 	 -6.749352e-01 
7.494728e-01 	 3.511874e+02 	 3.550882e+02 	 -2.507459e+00 
7.553945e-01 	 3.484219e+02 	 3.510248e+02 	 -4.430833e+00 
7.613631e-01 	 3.456928e+02 	 3.470313e+02 	 -6.219333e+00 
7.673787e-01 	 3.429951e+02 	 3.430634e+02 	 -8.105350e+00 
7.734420e-01 	 3.403212e+02 	 3.391593e+02 	 -9.864337e+00 
7.795531e-01 	 3.376632e+02 	 3.352755e+02 	 -1.171747e+01 
7.857125e-01 	 3.350127e+02 	 3.314491e+02 	 -1.343855e+01 
7.919206e-01 	 3.323608e+02 	 3.276370e+02 	 -1.524145e+01 
7.981777e-01 	 3.296991e+02 	 3.238759e+02 	 -1.690566e+01 
8.044843e-01 	 3.270298e+02 	 3.201257e+02 	 -1.864367e+01 
8.108407e-01 	 3.243658e+02 	 3.164255e+02 	 -2.024129e+01 
8.172473e-01 	 3.217207e+02 	 3.127385e+02 	 -2.190720e+01 
8.237046e-01 	 3.191087e+02 	 3.091042e+02 	 -2.343300e+01 
8.302129e-01 	 3.165449e+02 	 3.054864e+02 	 -2.502655e+01 
8.367725e-01 	 3.140437e+02 	 3.019239e+02 	 -2.648649e+01 
8.433841e-01 	 3.116085e+02 	 2.983820e+02 	 -2.801598e+01 
8.500478e-01 	 3.092361e+02 	 2.948993e+02 	 -2.941516e+01 
8.567642e-01 	 3.069227e+02 	 2.914421e+02 	 -3.088233e+01 
8.635337e-01 	 3.046643e+02 	 2.880483e+02 	 -3.222398e+01 
8.703567e-01 	 3.024568e+02 	 2.846834e+02 	 -3.363781e+01 
8.772336e-01 	 3.002953e+02 	 2.813807e+02 	 -3.493704e+01 
8.841648e-01 	 2.981711e+02 	 2.781021e+02 	 -3.631592e+01 
8.911507e-01 	 2.960737e+02 	 2.748787e+02 	 -3.758693e+01 
8.981919e-01 	 2.939921e+02 	 2.716749e+02 	 -3.893117e+01 
9.052887e-01 	 2.919146e+02 	 2.685227e+02 	 -4.015820e+01 
9.124416e-01 	 2.898291e+02 	 2.653871e+02 	 -4.144891e+01 
9.196510e-01 	 2.877269e+02 	 2.622992e+02 	 -4.262730e+01 
9.269174e-01 	 2.856161e+02 	 2.592265e+02 	 -4.387679e+01 
9.342411e-01 	 2.835090e+02 	 2.562036e+02 	 -4.502100e+01 
9.416228e-01 	 2.814187e+02 	 2.532028e+02 	 -4.623325e+01 
9.490627e-01 	 2.793590e+02 	 2.502598e+02 	 -4.734158e+01 
9.565615e-01 	 2.773443e+02 	 2.473458e+02 	 -4.852121e+01 
9.641195e-01 	 2.753841e+02 	 2.444932e+02 	 -4.960245e+01 
9.717372e-01 	 2.734745e+02 	 2.416716e+02 	 -5.074662e+01 
9.794151e-01 	 2.716093e+02 	 2.389094e+02 	 -5.177787e+01 
9.871537e-01 	 2.697815e+02 	 2.361730e+02 	 -5.285404e+01 
9.949534e-01 	 2.679841e+02 	 2.334873e+02 	 -5.381011e+01 
