1.003943e-02 	 3.135508e+04 	 1.631976e+04 	 6.309662e+02 
1.011875e-02 	 3.143310e+04 	 1.631478e+04 	 6.274788e+02 
1.019870e-02 	 3.151010e+04 	 1.631535e+04 	 6.483948e+02 
1.027928e-02 	 3.158602e+04 	 1.631034e+04 	 6.453552e+02 
1.036050e-02 	 3.166079e+04 	 1.631076e+04 	 6.662404e+02 
1.044236e-02 	 3.173439e+04 	 1.630572e+04 	 6.636465e+02 
1.052487e-02 	 3.180683e+04 	 1.630599e+04 	 6.845078e+02 
1.060803e-02 	 3.187815e+04 	 1.630091e+04 	 6.823572e+02 
1.069185e-02 	 3.194824e+04 	 1.630104e+04 	 7.032015e+02 
1.077633e-02 	 3.201684e+04 	 1.629591e+04 	 7.014918e+02 
1.086147e-02 	 3.208380e+04 	 1.629589e+04 	 7.223256e+02 
1.094729e-02 	 3.214940e+04 	 1.629071e+04 	 7.210545e+02 
1.103379e-02 	 3.221403e+04 	 1.629053e+04 	 7.418839e+02 
1.112097e-02 	 3.227782e+04 	 1.628530e+04 	 7.410488e+02 
1.120884e-02 	 3.234058e+04 	 1.628497e+04 	 7.618799e+02 
1.129740e-02 	 3.240207e+04 	 1.627968e+04 	 7.614780e+02 
1.138666e-02 	 3.246195e+04 	 1.627918e+04 	 7.823165e+02 
1.147663e-02 	 3.251981e+04 	 1.627383e+04 	 7.823451e+02 
1.156731e-02 	 3.257564e+04 	 1.627317e+04 	 8.031963e+02 
1.165871e-02 	 3.262995e+04 	 1.626774e+04 	 8.036524e+02 
1.175083e-02 	 3.268323e+04 	 1.626691e+04 	 8.245214e+02 
1.184367e-02 	 3.273538e+04 	 1.626141e+04 	 8.254017e+02 
1.193725e-02 	 3.278603e+04 	 1.626041e+04 	 8.462931e+02 
1.203157e-02 	 3.283502e+04 	 1.625482e+04 	 8.475944e+02 
1.212663e-02 	 3.288261e+04 	 1.625364e+04 	 8.685125e+02 
1.222245e-02 	 3.292907e+04 	 1.624796e+04 	 8.702312e+02 
1.231902e-02 	 3.297407e+04 	 1.624660e+04 	 8.911799e+02 
1.241636e-02 	 3.301701e+04 	 1.624083e+04 	 8.933121e+02 
1.251446e-02 	 3.305762e+04 	 1.623928e+04 	 9.142950e+02 
1.261334e-02 	 3.309649e+04 	 1.623340e+04 	 9.168365e+02 
1.271300e-02 	 3.313430e+04 	 1.623166e+04 	 9.378567e+02 
1.281345e-02 	 3.317083e+04 	 1.622568e+04 	 9.408030e+02 
1.291469e-02 	 3.320530e+04 	 1.622374e+04 	 9.618632e+02 
1.301673e-02 	 3.323723e+04 	 1.621764e+04 	 9.652097e+02 
1.311958e-02 	 3.326724e+04 	 1.621549e+04 	 9.863119e+02 
1.322324e-02 	 3.329609e+04 	 1.620927e+04 	 9.900535e+02 
1.332772e-02 	 3.332382e+04 	 1.620692e+04 	 1.011199e+03 
1.343303e-02 	 3.334978e+04 	 1.620055e+04 	 1.015331e+03 
1.353916e-02 	 3.337344e+04 	 1.619799e+04 	 1.036521e+03 
1.364614e-02 	 3.339484e+04 	 1.619149e+04 	 1.041036e+03 
1.375396e-02 	 3.341418e+04 	 1.618870e+04 	 1.062273e+03 
1.386263e-02 	 3.343148e+04 	 1.618205e+04 	 1.067165e+03 
1.397216e-02 	 3.344667e+04 	 1.617903e+04 	 1.088447e+03 
1.408256e-02 	 3.345969e+04 	 1.617223e+04 	 1.093710e+03 
1.419383e-02 	 3.347075e+04 	 1.616898e+04 	 1.115036e+03 
1.430598e-02 	 3.348009e+04 	 1.616200e+04 	 1.120663e+03 
1.441901e-02 	 3.348780e+04 	 1.615851e+04 	 1.142033e+03 
1.453294e-02 	 3.349369e+04 	 1.615136e+04 	 1.148015e+03 
1.464777e-02 	 3.349756e+04 	 1.614761e+04 	 1.169428e+03 
1.476350e-02 	 3.349913e+04 	 1.614028e+04 	 1.175757e+03 
1.488015e-02 	 3.349810e+04 	 1.613628e+04 	 1.197209e+03 
1.499773e-02 	 3.349451e+04 	 1.612875e+04 	 1.203877e+03 
1.511623e-02 	 3.348892e+04 	 1.612448e+04 	 1.225365e+03 
1.523566e-02 	 3.348189e+04 	 1.611675e+04 	 1.232362e+03 
1.535604e-02 	 3.347319e+04 	 1.611220e+04 	 1.253882e+03 
1.547737e-02 	 3.346220e+04 	 1.610425e+04 	 1.261198e+03 
1.559966e-02 	 3.344854e+04 	 1.609942e+04 	 1.282746e+03 
1.572292e-02 	 3.343232e+04 	 1.609125e+04 	 1.290371e+03 
1.584715e-02 	 3.341373e+04 	 1.608612e+04 	 1.311941e+03 
1.597236e-02 	 3.339274e+04 	 1.607772e+04 	 1.319862e+03 
1.609856e-02 	 3.336926e+04 	 1.607229e+04 	 1.341448e+03 
1.622576e-02 	 3.334329e+04 	 1.606363e+04 	 1.349654e+03 
1.635396e-02 	 3.331509e+04 	 1.605789e+04 	 1.371250e+03 
1.648318e-02 	 3.328495e+04 	 1.604898e+04 	 1.379728e+03 
1.661342e-02 	 3.325283e+04 	 1.604291e+04 	 1.401324e+03 
1.674468e-02 	 3.321839e+04 	 1.603373e+04 	 1.410061e+03 
1.687699e-02 	 3.318139e+04 	 1.602732e+04 	 1.431650e+03 
1.701034e-02 	 3.314184e+04 	 1.601786e+04 	 1.440631e+03 
1.714474e-02 	 3.309980e+04 	 1.601111e+04 	 1.462203e+03 
1.728020e-02 	 3.305533e+04 	 1.600135e+04 	 1.471413e+03 
1.741674e-02 	 3.300843e+04 	 1.599424e+04 	 1.492957e+03 
1.755435e-02 	 3.295916e+04 	 1.598418e+04 	 1.502380e+03 
1.769305e-02 	 3.290756e+04 	 1.597670e+04 	 1.523885e+03 
1.783285e-02 	 3.285368e+04 	 1.596632e+04 	 1.533505e+03 
1.797375e-02 	 3.279737e+04 	 1.595846e+04 	 1.554959e+03 
1.811576e-02 	 3.273824e+04 	 1.594774e+04 	 1.564758e+03 
1.825890e-02 	 3.267603e+04 	 1.593949e+04 	 1.586148e+03 
1.840317e-02 	 3.261120e+04 	 1.592843e+04 	 1.596108e+03 
1.854857e-02 	 3.254448e+04 	 1.591976e+04 	 1.617419e+03 
1.869513e-02 	 3.247602e+04 	 1.590834e+04 	 1.627521e+03 
1.884285e-02 	 3.240514e+04 	 1.589926e+04 	 1.648739e+03 
1.899173e-02 	 3.233118e+04 	 1.588746e+04 	 1.658962e+03 
1.914178e-02 	 3.225426e+04 	 1.587795e+04 	 1.680071e+03 
1.929303e-02 	 3.217481e+04 	 1.586576e+04 	 1.690396e+03 
1.944547e-02 	 3.209312e+04 	 1.585580e+04 	 1.711378e+03 
1.959911e-02 	 3.200922e+04 	 1.584321e+04 	 1.721783e+03 
1.975397e-02 	 3.192307e+04 	 1.583279e+04 	 1.742621e+03 
1.991005e-02 	 3.183435e+04 	 1.581978e+04 	 1.753083e+03 
2.006736e-02 	 3.174261e+04 	 1.580889e+04 	 1.773760e+03 
2.022592e-02 	 3.164774e+04 	 1.579544e+04 	 1.784256e+03 
2.038573e-02 	 3.155042e+04 	 1.578406e+04 	 1.804751e+03 
2.054680e-02 	 3.145142e+04 	 1.577017e+04 	 1.815257e+03 
2.070914e-02 	 3.135058e+04 	 1.575828e+04 	 1.835551e+03 
2.087277e-02 	 3.124714e+04 	 1.574393e+04 	 1.846043e+03 
2.103769e-02 	 3.114056e+04 	 1.573153e+04 	 1.866114e+03 
2.120391e-02 	 3.103111e+04 	 1.571669e+04 	 1.876568e+03 
2.137145e-02 	 3.091917e+04 	 1.570376e+04 	 1.896395e+03 
2.154031e-02 	 3.080507e+04 	 1.568843e+04 	 1.906784e+03 
2.171050e-02 	 3.068907e+04 	 1.567495e+04 	 1.926345e+03 
2.188204e-02 	 3.057127e+04 	 1.565911e+04 	 1.936642e+03 
2.205494e-02 	 3.045111e+04 	 1.564507e+04 	 1.955915e+03 
2.222920e-02 	 3.032789e+04 	 1.562871e+04 	 1.966095e+03 
2.240484e-02 	 3.020158e+04 	 1.561409e+04 	 1.985055e+03 
2.258186e-02 	 3.007280e+04 	 1.559719e+04 	 1.995091e+03 
2.276029e-02 	 2.994215e+04 	 1.558198e+04 	 2.013715e+03 
2.294012e-02 	 2.980963e+04 	 1.556452e+04 	 2.023579e+03 
2.312138e-02 	 2.967512e+04 	 1.554871e+04 	 2.041844e+03 
2.330406e-02 	 2.953856e+04 	 1.553067e+04 	 2.051508e+03 
2.348819e-02 	 2.940004e+04 	 1.551425e+04 	 2.069390e+03 
2.367378e-02 	 2.925956e+04 	 1.549563e+04 	 2.078827e+03 
2.386083e-02 	 2.911676e+04 	 1.547857e+04 	 2.096301e+03 
2.404936e-02 	 2.897114e+04 	 1.545934e+04 	 2.105483e+03 
2.423938e-02 	 2.882279e+04 	 1.544164e+04 	 2.122525e+03 
2.443090e-02 	 2.867271e+04 	 1.542180e+04 	 2.131426e+03 
2.462393e-02 	 2.852188e+04 	 1.540343e+04 	 2.148012e+03 
2.481849e-02 	 2.836993e+04 	 1.538297e+04 	 2.156603e+03 
2.501459e-02 	 2.821589e+04 	 1.536393e+04 	 2.172710e+03 
2.521223e-02 	 2.805923e+04 	 1.534282e+04 	 2.180966e+03 
2.541144e-02 	 2.790040e+04 	 1.532310e+04 	 2.196569e+03 
2.561222e-02 	 2.773990e+04 	 1.530133e+04 	 2.204464e+03 
2.581459e-02 	 2.757784e+04 	 1.528091e+04 	 2.219542e+03 
2.601856e-02 	 2.741408e+04 	 1.525847e+04 	 2.227050e+03 
2.622413e-02 	 2.724857e+04 	 1.523735e+04 	 2.241581e+03 
2.643134e-02 	 2.708154e+04 	 1.521423e+04 	 2.248677e+03 
2.664018e-02 	 2.691322e+04 	 1.519239e+04 	 2.262641e+03 
2.685067e-02 	 2.674365e+04 	 1.516858e+04 	 2.269303e+03 
2.706282e-02 	 2.657268e+04 	 1.514601e+04 	 2.282679e+03 
2.727665e-02 	 2.640019e+04 	 1.512150e+04 	 2.288885e+03 
2.749217e-02 	 2.622612e+04 	 1.509819e+04 	 2.301655e+03 
2.770939e-02 	 2.605042e+04 	 1.507297e+04 	 2.307385e+03 
2.792833e-02 	 2.587340e+04 	 1.504892e+04 	 2.319533e+03 
2.814899e-02 	 2.569564e+04 	 1.502299e+04 	 2.324768e+03 
2.837141e-02 	 2.551758e+04 	 1.499818e+04 	 2.336278e+03 
2.859557e-02 	 2.533887e+04 	 1.497153e+04 	 2.341001e+03 
2.882151e-02 	 2.515897e+04 	 1.494596e+04 	 2.351861e+03 
2.904924e-02 	 2.497777e+04 	 1.491858e+04 	 2.356058e+03 
2.927876e-02 	 2.479566e+04 	 1.489226e+04 	 2.366257e+03 
2.951010e-02 	 2.461302e+04 	 1.486414e+04 	 2.369915e+03 
2.974327e-02 	 2.442986e+04 	 1.483705e+04 	 2.379444e+03 
2.997828e-02 	 2.424608e+04 	 1.480819e+04 	 2.382554e+03 
3.021514e-02 	 2.406180e+04 	 1.478034e+04 	 2.391406e+03 
3.045388e-02 	 2.387743e+04 	 1.475075e+04 	 2.393961e+03 
3.069450e-02 	 2.369336e+04 	 1.472213e+04 	 2.402134e+03 
3.093702e-02 	 2.350943e+04 	 1.469180e+04 	 2.404129e+03 
3.118146e-02 	 2.332524e+04 	 1.466242e+04 	 2.411623e+03 
3.142783e-02 	 2.314061e+04 	 1.463135e+04 	 2.413056e+03 
3.167615e-02 	 2.295570e+04 	 1.460121e+04 	 2.419873e+03 
3.192643e-02 	 2.277071e+04 	 1.456941e+04 	 2.420747e+03 
3.217869e-02 	 2.258574e+04 	 1.453851e+04 	 2.426892e+03 
3.243294e-02 	 2.240089e+04 	 1.450599e+04 	 2.427212e+03 
3.268920e-02 	 2.221617e+04 	 1.447434e+04 	 2.432695e+03 
3.294748e-02 	 2.203142e+04 	 1.444109e+04 	 2.432469e+03 
3.320781e-02 	 2.184658e+04 	 1.440870e+04 	 2.437302e+03 
3.347019e-02 	 2.166252e+04 	 1.437475e+04 	 2.436541e+03 
3.373465e-02 	 2.148074e+04 	 1.434162e+04 	 2.440740e+03 
3.400119e-02 	 2.130109e+04 	 1.430697e+04 	 2.439461e+03 
3.426984e-02 	 2.111880e+04 	 1.427313e+04 	 2.443045e+03 
3.454062e-02 	 2.092843e+04 	 1.423778e+04 	 2.441266e+03 
3.481353e-02 	 2.072887e+04 	 1.420323e+04 	 2.444258e+03 
3.508860e-02 	 2.052253e+04 	 1.416721e+04 	 2.442001e+03 
3.536584e-02 	 2.031206e+04 	 1.413197e+04 	 2.444426e+03 
3.564527e-02 	 2.010023e+04 	 1.409529e+04 	 2.441717e+03 
3.592691e-02 	 1.988994e+04 	 1.405937e+04 	 2.443605e+03 
3.621078e-02 	 1.968423e+04 	 1.402205e+04 	 2.440473e+03 
3.649689e-02 	 1.948611e+04 	 1.398548e+04 	 2.441857e+03 
3.678526e-02 	 1.929613e+04 	 1.394753e+04 	 2.438333e+03 
3.707591e-02 	 1.911280e+04 	 1.391033e+04 	 2.439247e+03 
3.736885e-02 	 1.893452e+04 	 1.387178e+04 	 2.435367e+03 
3.766411e-02 	 1.875959e+04 	 1.383396e+04 	 2.435849e+03 
3.796170e-02 	 1.858626e+04 	 1.379482e+04 	 2.431650e+03 
3.826165e-02 	 1.841282e+04 	 1.375641e+04 	 2.431741e+03 
3.856396e-02 	 1.823904e+04 	 1.371672e+04 	 2.427262e+03 
3.886866e-02 	 1.806546e+04 	 1.367774e+04 	 2.427005e+03 
3.917577e-02 	 1.789267e+04 	 1.363751e+04 	 2.422287e+03 
3.948531e-02 	 1.772127e+04 	 1.359799e+04 	 2.421725e+03 
3.979729e-02 	 1.755191e+04 	 1.355725e+04 	 2.416812e+03 
4.011174e-02 	 1.738515e+04 	 1.351721e+04 	 2.415990e+03 
4.042867e-02 	 1.722109e+04 	 1.347598e+04 	 2.410925e+03 
4.074811e-02 	 1.705967e+04 	 1.343544e+04 	 2.409889e+03 
4.107007e-02 	 1.690081e+04 	 1.339375e+04 	 2.404717e+03 
4.139457e-02 	 1.674442e+04 	 1.335275e+04 	 2.403513e+03 
4.172164e-02 	 1.659042e+04 	 1.331062e+04 	 2.398277e+03 
4.205129e-02 	 1.643873e+04 	 1.326918e+04 	 2.396950e+03 
4.238354e-02 	 1.628943e+04 	 1.322664e+04 	 2.391693e+03 
4.271843e-02 	 1.614257e+04 	 1.318477e+04 	 2.390287e+03 
4.305595e-02 	 1.599825e+04 	 1.314184e+04 	 2.385051e+03 
4.339615e-02 	 1.585655e+04 	 1.309958e+04 	 2.383608e+03 
4.373903e-02 	 1.571754e+04 	 1.305628e+04 	 2.378432e+03 
4.408462e-02 	 1.558130e+04 	 1.301365e+04 	 2.376992e+03 
4.443294e-02 	 1.544787e+04 	 1.297001e+04 	 2.371913e+03 
4.478402e-02 	 1.531726e+04 	 1.292702e+04 	 2.370512e+03 
4.513787e-02 	 1.518952e+04 	 1.288305e+04 	 2.365561e+03 
4.549451e-02 	 1.506466e+04 	 1.283973e+04 	 2.364231e+03 
4.585397e-02 	 1.494271e+04 	 1.279545e+04 	 2.359439e+03 
4.621627e-02 	 1.482370e+04 	 1.275181e+04 	 2.358207e+03 
4.658144e-02 	 1.470765e+04 	 1.270723e+04 	 2.353595e+03 
4.694949e-02 	 1.459457e+04 	 1.266328e+04 	 2.352483e+03 
4.732045e-02 	 1.448451e+04 	 1.261841e+04 	 2.348070e+03 
4.769433e-02 	 1.437746e+04 	 1.257417e+04 	 2.347095e+03 
4.807118e-02 	 1.427346e+04 	 1.252902e+04 	 2.342891e+03 
4.845100e-02 	 1.417250e+04 	 1.248448e+04 	 2.342061e+03 
4.883382e-02 	 1.407459e+04 	 1.243906e+04 	 2.338072e+03 
4.921967e-02 	 1.397971e+04 	 1.239423e+04 	 2.337390e+03 
4.960856e-02 	 1.388786e+04 	 1.234854e+04 	 2.333611e+03 
5.000053e-02 	 1.379903e+04 	 1.230341e+04 	 2.333071e+03 
5.039560e-02 	 1.371319e+04 	 1.225743e+04 	 2.329494e+03 
5.079378e-02 	 1.363037e+04 	 1.221200e+04 	 2.329083e+03 
5.119511e-02 	 1.355058e+04 	 1.216573e+04 	 2.325687e+03 
5.159962e-02 	 1.347386e+04 	 1.211998e+04 	 2.325384e+03 
5.200732e-02 	 1.340022e+04 	 1.207340e+04 	 2.322145e+03 
5.241824e-02 	 1.332970e+04 	 1.202733e+04 	 2.321920e+03 
5.283241e-02 	 1.326230e+04 	 1.198042e+04 	 2.318802e+03 
5.324985e-02 	 1.319792e+04 	 1.193399e+04 	 2.318619e+03 
5.367058e-02 	 1.313639e+04 	 1.188672e+04 	 2.315581e+03 
5.409465e-02 	 1.307755e+04 	 1.183991e+04 	 2.315396e+03 
5.452206e-02 	 1.302122e+04 	 1.179227e+04 	 2.312387e+03 
5.495285e-02 	 1.296719e+04 	 1.174505e+04 	 2.312148e+03 
5.538705e-02 	 1.291524e+04 	 1.169698e+04 	 2.309114e+03 
5.582467e-02 	 1.286505e+04 	 1.164932e+04 	 2.308762e+03 
5.626575e-02 	 1.281622e+04 	 1.160080e+04 	 2.305641e+03 
5.671032e-02 	 1.276838e+04 	 1.155265e+04 	 2.305114e+03 
5.715840e-02 	 1.272109e+04 	 1.150364e+04 	 2.301838e+03 
5.761002e-02 	 1.267392e+04 	 1.145496e+04 	 2.301069e+03 
5.806521e-02 	 1.262646e+04 	 1.140541e+04 	 2.297569e+03 
5.852400e-02 	 1.257845e+04 	 1.135616e+04 	 2.296485e+03 
5.898641e-02 	 1.252964e+04 	 1.130604e+04 	 2.292688e+03 
5.945247e-02 	 1.247979e+04 	 1.125617e+04 	 2.291218e+03 
5.992222e-02 	 1.242862e+04 	 1.120541e+04 	 2.287050e+03 
6.039568e-02 	 1.237586e+04 	 1.115489e+04 	 2.285121e+03 
6.087288e-02 	 1.232126e+04 	 1.110346e+04 	 2.280508e+03 
6.135385e-02 	 1.226463e+04 	 1.105222e+04 	 2.278050e+03 
6.183862e-02 	 1.220580e+04 	 1.100008e+04 	 2.272921e+03 
6.232722e-02 	 1.214457e+04 	 1.094809e+04 	 2.269865e+03 
6.281968e-02 	 1.208074e+04 	 1.089519e+04 	 2.264155e+03 
6.331603e-02 	 1.201411e+04 	 1.084242e+04 	 2.260437e+03 
6.381630e-02 	 1.194450e+04 	 1.078872e+04 	 2.254084e+03 
6.432053e-02 	 1.187173e+04 	 1.073512e+04 	 2.249650e+03 
6.482874e-02 	 1.179565e+04 	 1.068059e+04 	 2.242600e+03 
6.534097e-02 	 1.171607e+04 	 1.062613e+04 	 2.237400e+03 
6.585724e-02 	 1.163283e+04 	 1.057074e+04 	 2.229611e+03 
6.637759e-02 	 1.154574e+04 	 1.051541e+04 	 2.223609e+03 
6.690205e-02 	 1.145476e+04 	 1.045914e+04 	 2.215046e+03 
6.743066e-02 	 1.136000e+04 	 1.040291e+04 	 2.208215e+03 
6.796345e-02 	 1.126155e+04 	 1.034576e+04 	 2.198859e+03 
6.850044e-02 	 1.115955e+04 	 1.028863e+04 	 2.191186e+03 
6.904168e-02 	 1.105411e+04 	 1.023058e+04 	 2.181029e+03 
6.958719e-02 	 1.094538e+04 	 1.017255e+04 	 2.172515e+03 
7.013701e-02 	 1.083360e+04 	 1.011361e+04 	 2.161564e+03 
7.069118e-02 	 1.071909e+04 	 1.005469e+04 	 2.152223e+03 
7.124973e-02 	 1.060220e+04 	 9.994890e+03 	 2.140499e+03 
7.181269e-02 	 1.048327e+04 	 9.935105e+03 	 2.130362e+03 
7.238009e-02 	 1.036269e+04 	 9.874457e+03 	 2.117902e+03 
7.295198e-02 	 1.024082e+04 	 9.813838e+03 	 2.107012e+03 
7.352839e-02 	 1.011793e+04 	 9.752384e+03 	 2.093868e+03 
7.410936e-02 	 9.994211e+03 	 9.690972e+03 	 2.082284e+03 
7.469491e-02 	 9.869892e+03 	 9.628760e+03 	 2.068519e+03 
7.528509e-02 	 9.745200e+03 	 9.566608e+03 	 2.056315e+03 
7.587994e-02 	 9.620374e+03 	 9.503692e+03 	 2.042006e+03 
7.647948e-02 	 9.495652e+03 	 9.440859e+03 	 2.029264e+03 
7.708376e-02 	 9.371213e+03 	 9.377305e+03 	 2.014501e+03 
7.769282e-02 	 9.247228e+03 	 9.313860e+03 	 2.001316e+03 
7.830668e-02 	 9.123875e+03 	 9.249738e+03 	 1.986196e+03 
7.892540e-02 	 9.001340e+03 	 9.185755e+03 	 1.972669e+03 
7.954901e-02 	 8.879815e+03 	 9.121143e+03 	 1.957298e+03 
8.017754e-02 	 8.759486e+03 	 9.056701e+03 	 1.943538e+03 
8.081104e-02 	 8.640494e+03 	 8.991680e+03 	 1.928023e+03 
8.144955e-02 	 8.522976e+03 	 8.926864e+03 	 1.914142e+03 
8.209310e-02 	 8.407077e+03 	 8.861518e+03 	 1.898596e+03 
8.274173e-02 	 8.292946e+03 	 8.796413e+03 	 1.884705e+03 
8.339549e-02 	 8.180737e+03 	 8.730828e+03 	 1.869237e+03 
8.405442e-02 	 8.070564e+03 	 8.665519e+03 	 1.855446e+03 
8.471855e-02 	 7.962464e+03 	 8.599782e+03 	 1.840164e+03 
8.538793e-02 	 7.856463e+03 	 8.534355e+03 	 1.826578e+03 
8.606260e-02 	 7.752586e+03 	 8.468548e+03 	 1.811583e+03 
8.674260e-02 	 7.650858e+03 	 8.403085e+03 	 1.798300e+03 
8.742797e-02 	 7.551304e+03 	 8.337290e+03 	 1.783685e+03 
8.811876e-02 	 7.453915e+03 	 8.271870e+03 	 1.770793e+03 
8.881500e-02 	 7.358641e+03 	 8.206164e+03 	 1.756640e+03 
8.951675e-02 	 7.265425e+03 	 8.140862e+03 	 1.744217e+03 
9.022404e-02 	 7.174206e+03 	 8.075315e+03 	 1.730598e+03 
9.093692e-02 	 7.084918e+03 	 8.010200e+03 	 1.718710e+03 
9.165543e-02 	 6.997492e+03 	 7.944879e+03 	 1.705683e+03 
9.237962e-02 	 6.911884e+03 	 7.880014e+03 	 1.694382e+03 
9.310953e-02 	 6.828069e+03 	 7.814979e+03 	 1.681992e+03 
9.384521e-02 	 6.746021e+03 	 7.750421e+03 	 1.671317e+03 
9.458670e-02 	 6.665710e+03 	 7.685724e+03 	 1.659595e+03 
9.533405e-02 	 6.587106e+03 	 7.621523e+03 	 1.649571e+03 
9.608731e-02 	 6.510172e+03 	 7.557212e+03 	 1.638537e+03 
9.684651e-02 	 6.434873e+03 	 7.493411e+03 	 1.629177e+03 
9.761172e-02 	 6.361169e+03 	 7.429526e+03 	 1.618836e+03 
9.838297e-02 	 6.289015e+03 	 7.366163e+03 	 1.610140e+03 
9.916031e-02 	 6.218365e+03 	 7.302739e+03 	 1.600486e+03 
9.994380e-02 	 6.149170e+03 	 7.239846e+03 	 1.592443e+03 
1.007335e-01 	 6.081382e+03 	 7.176910e+03 	 1.583458e+03 
1.015294e-01 	 6.014999e+03 	 7.114512e+03 	 1.576048e+03 
1.023316e-01 	 5.950031e+03 	 7.052088e+03 	 1.567706e+03 
1.031401e-01 	 5.886489e+03 	 6.990205e+03 	 1.560897e+03 
1.039551e-01 	 5.824384e+03 	 6.928311e+03 	 1.553163e+03 
1.047764e-01 	 5.763726e+03 	 6.866958e+03 	 1.546916e+03 
1.056043e-01 	 5.704491e+03 	 6.805606e+03 	 1.539746e+03 
1.064387e-01 	 5.646534e+03 	 6.744794e+03 	 1.534015e+03 
1.072797e-01 	 5.589670e+03 	 6.683992e+03 	 1.527359e+03 
1.081273e-01 	 5.533705e+03 	 6.623727e+03 	 1.522090e+03 
1.089817e-01 	 5.478436e+03 	 6.563479e+03 	 1.515891e+03 
1.098428e-01 	 5.423647e+03 	 6.503764e+03 	 1.511023e+03 
1.107107e-01 	 5.369208e+03 	 6.444069e+03 	 1.505218e+03 
1.115854e-01 	 5.315217e+03 	 6.384900e+03 	 1.500687e+03 
1.124671e-01 	 5.261809e+03 	 6.325755e+03 	 1.495207e+03 
1.133557e-01 	 5.209130e+03 	 6.267128e+03 	 1.490943e+03 
1.142513e-01 	 5.157327e+03 	 6.208525e+03 	 1.485714e+03 
1.151541e-01 	 5.106557e+03 	 6.150431e+03 	 1.481641e+03 
1.160639e-01 	 5.056858e+03 	 6.092361e+03 	 1.476587e+03 
1.169810e-01 	 5.008071e+03 	 6.034788e+03 	 1.472629e+03 
1.179053e-01 	 4.960009e+03 	 5.977238e+03 	 1.467670e+03 
1.188369e-01 	 4.912474e+03 	 5.920174e+03 	 1.463746e+03 
1.197758e-01 	 4.865260e+03 	 5.863131e+03 	 1.458804e+03 
1.207222e-01 	 4.818154e+03 	 5.806563e+03 	 1.454836e+03 
1.216760e-01 	 4.771038e+03 	 5.750014e+03 	 1.449832e+03 
1.226374e-01 	 4.723912e+03 	 5.693929e+03 	 1.445744e+03 
1.236064e-01 	 4.676782e+03 	 5.637861e+03 	 1.440603e+03 
1.245831e-01 	 4.629652e+03 	 5.582247e+03 	 1.436325e+03 
1.255674e-01 	 4.582529e+03 	 5.526650e+03 	 1.430980e+03 
1.265595e-01 	 4.535415e+03 	 5.471498e+03 	 1.426448e+03 
1.275595e-01 	 4.488288e+03 	 5.416365e+03 	 1.420842e+03 
1.285674e-01 	 4.441100e+03 	 5.361671e+03 	 1.416003e+03 
1.295832e-01 	 4.393804e+03 	 5.306999e+03 	 1.410087e+03 
1.306071e-01 	 4.346349e+03 	 5.252762e+03 	 1.404902e+03 
1.316391e-01 	 4.298680e+03 	 5.198553e+03 	 1.398642e+03 
1.326792e-01 	 4.250749e+03 	 5.144778e+03 	 1.393081e+03 
1.337275e-01 	 4.202565e+03 	 5.091041e+03 	 1.386456e+03 
1.347841e-01 	 4.154170e+03 	 5.037739e+03 	 1.380507e+03 
1.358491e-01 	 4.105608e+03 	 4.984486e+03 	 1.373508e+03 
1.369224e-01 	 4.056924e+03 	 4.931674e+03 	 1.367170e+03 
1.380043e-01 	 4.008165e+03 	 4.878926e+03 	 1.359803e+03 
1.390947e-01 	 3.959382e+03 	 4.826627e+03 	 1.353085e+03 
1.401937e-01 	 3.910621e+03 	 4.774409e+03 	 1.345365e+03 
1.413014e-01 	 3.861931e+03 	 4.722650e+03 	 1.338289e+03 
1.424179e-01 	 3.813360e+03 	 4.670991e+03 	 1.330239e+03 
1.435431e-01 	 3.764962e+03 	 4.619804e+03 	 1.322831e+03 
1.446773e-01 	 3.716792e+03 	 4.568738e+03 	 1.314482e+03 
1.458204e-01 	 3.668900e+03 	 4.518159e+03 	 1.306775e+03 
1.469726e-01 	 3.621329e+03 	 4.467723e+03 	 1.298160e+03 
1.481338e-01 	 3.574115e+03 	 4.417788e+03 	 1.290189e+03 
1.493043e-01 	 3.527298e+03 	 4.368019e+03 	 1.281344e+03 
1.504840e-01 	 3.480921e+03 	 4.318768e+03 	 1.273146e+03 
1.516730e-01 	 3.435025e+03 	 4.269704e+03 	 1.264109e+03 
1.528714e-01 	 3.389648e+03 	 4.221174e+03 	 1.255721e+03 
1.540792e-01 	 3.344816e+03 	 4.172854e+03 	 1.246527e+03 
1.552967e-01 	 3.300551e+03 	 4.125082e+03 	 1.237987e+03 
1.565237e-01 	 3.256877e+03 	 4.077542e+03 	 1.228675e+03 
1.577604e-01 	 3.213819e+03 	 4.030564e+03 	 1.220020e+03 
1.590069e-01 	 3.171401e+03 	 3.983836e+03 	 1.210626e+03 
1.602633e-01 	 3.129648e+03 	 3.937683e+03 	 1.201892e+03 
1.615295e-01 	 3.088582e+03 	 3.891799e+03 	 1.192452e+03 
1.628058e-01 	 3.048227e+03 	 3.846500e+03 	 1.183675e+03 
1.640922e-01 	 3.008605e+03 	 3.801485e+03 	 1.174221e+03 
1.653887e-01 	 2.969741e+03 	 3.757063e+03 	 1.165433e+03 
1.666955e-01 	 2.931658e+03 	 3.712939e+03 	 1.155995e+03 
1.680126e-01 	 2.894359e+03 	 3.669413e+03 	 1.147222e+03 
1.693401e-01 	 2.857822e+03 	 3.626194e+03 	 1.137824e+03 
1.706781e-01 	 2.822025e+03 	 3.583576e+03 	 1.129086e+03 
1.720266e-01 	 2.786943e+03 	 3.541272e+03 	 1.119741e+03 
1.733859e-01 	 2.752550e+03 	 3.499568e+03 	 1.111047e+03 
1.747558e-01 	 2.718817e+03 	 3.458182e+03 	 1.101762e+03 
1.761366e-01 	 2.685717e+03 	 3.417392e+03 	 1.093113e+03 
1.775283e-01 	 2.653225e+03 	 3.376921e+03 	 1.083881e+03 
1.789310e-01 	 2.621312e+03 	 3.337040e+03 	 1.075267e+03 
1.803448e-01 	 2.589949e+03 	 3.297475e+03 	 1.066074e+03 
1.817697e-01 	 2.559103e+03 	 3.258492e+03 	 1.057477e+03 
1.832059e-01 	 2.528743e+03 	 3.219821e+03 	 1.048303e+03 
1.846534e-01 	 2.498846e+03 	 3.181720e+03 	 1.039701e+03 
1.861124e-01 	 2.469393e+03 	 3.143926e+03 	 1.030521e+03 
1.875829e-01 	 2.440364e+03 	 3.106690e+03 	 1.021890e+03 
1.890651e-01 	 2.411738e+03 	 3.069753e+03 	 1.012680e+03 
1.905589e-01 	 2.383493e+03 	 3.033363e+03 	 1.003996e+03 
1.920646e-01 	 2.355604e+03 	 2.997264e+03 	 9.947355e+02 
1.935821e-01 	 2.328056e+03 	 2.961697e+03 	 9.859808e+02 
1.951117e-01 	 2.300833e+03 	 2.926414e+03 	 9.766522e+02 
1.966533e-01 	 2.273918e+03 	 2.891650e+03 	 9.678118e+02 
1.982071e-01 	 2.247292e+03 	 2.857161e+03 	 9.584028e+02 
1.997731e-01 	 2.220936e+03 	 2.823177e+03 	 9.494663e+02 
2.013516e-01 	 2.194833e+03 	 2.789460e+03 	 9.399674e+02 
2.029425e-01 	 2.168968e+03 	 2.756234e+03 	 9.309268e+02 
2.045460e-01 	 2.143329e+03 	 2.723266e+03 	 9.213309e+02 
2.061622e-01 	 2.117900e+03 	 2.690776e+03 	 9.121799e+02 
2.077911e-01 	 2.092667e+03 	 2.658534e+03 	 9.024815e+02 
2.094329e-01 	 2.067614e+03 	 2.626758e+03 	 8.932159e+02 
2.110877e-01 	 2.042731e+03 	 2.595223e+03 	 8.834118e+02 
2.127555e-01 	 2.018022e+03 	 2.564140e+03 	 8.740306e+02 
2.144366e-01 	 1.993495e+03 	 2.533291e+03 	 8.641223e+02 
2.161309e-01 	 1.969156e+03 	 2.502884e+03 	 8.546304e+02 
2.178386e-01 	 1.945011e+03 	 2.472704e+03 	 8.446262e+02 
2.195598e-01 	 1.921068e+03 	 2.442957e+03 	 8.350364e+02 
2.212945e-01 	 1.897332e+03 	 2.413433e+03 	 8.249533e+02 
2.230430e-01 	 1.873810e+03 	 2.384333e+03 	 8.152870e+02 
2.248053e-01 	 1.850507e+03 	 2.355453e+03 	 8.051499e+02 
2.265816e-01 	 1.827430e+03 	 2.326990e+03 	 7.954353e+02 
2.283719e-01 	 1.804584e+03 	 2.298745e+03 	 7.852747e+02 
2.301763e-01 	 1.781975e+03 	 2.270911e+03 	 7.755435e+02 
2.319949e-01 	 1.759608e+03 	 2.243292e+03 	 7.653907e+02 
2.338280e-01 	 1.737490e+03 	 2.216077e+03 	 7.556735e+02 
2.356755e-01 	 1.715623e+03 	 2.189076e+03 	 7.455572e+02 
2.375376e-01 	 1.694014e+03 	 2.162473e+03 	 7.358807e+02 
2.394145e-01 	 1.672667e+03 	 2.136079e+03 	 7.258253e+02 
2.413061e-01 	 1.651587e+03 	 2.110078e+03 	 7.162119e+02 
2.432127e-01 	 1.630776e+03 	 2.084283e+03 	 7.062383e+02 
2.451344e-01 	 1.610237e+03 	 2.058874e+03 	 6.967089e+02 
2.470713e-01 	 1.589972e+03 	 2.033669e+03 	 6.868382e+02 
2.490234e-01 	 1.569981e+03 	 2.008844e+03 	 6.774153e+02 
2.509910e-01 	 1.550267e+03 	 1.984220e+03 	 6.676717e+02 
2.529742e-01 	 1.530830e+03 	 1.959971e+03 	 6.583814e+02 
2.549730e-01 	 1.511673e+03 	 1.935921e+03 	 6.487925e+02 
2.569876e-01 	 1.492798e+03 	 1.912240e+03 	 6.396633e+02 
2.590181e-01 	 1.474207e+03 	 1.888756e+03 	 6.302568e+02 
2.610646e-01 	 1.455902e+03 	 1.865635e+03 	 6.213148e+02 
2.631274e-01 	 1.437885e+03 	 1.842708e+03 	 6.121131e+02 
2.652064e-01 	 1.420156e+03 	 1.820138e+03 	 6.033759e+02 
2.673018e-01 	 1.402710e+03 	 1.797757e+03 	 5.943912e+02 
2.694139e-01 	 1.385542e+03 	 1.775724e+03 	 5.858658e+02 
2.715425e-01 	 1.368645e+03 	 1.753875e+03 	 5.770998e+02 
2.736881e-01 	 1.352010e+03 	 1.732365e+03 	 5.687839e+02 
2.758505e-01 	 1.335631e+03 	 1.711032e+03 	 5.602318e+02 
2.780301e-01 	 1.319499e+03 	 1.690028e+03 	 5.521204e+02 
2.802269e-01 	 1.303609e+03 	 1.669197e+03 	 5.437781e+02 
2.824410e-01 	 1.287954e+03 	 1.648684e+03 	 5.358694e+02 
2.846726e-01 	 1.272529e+03 	 1.628339e+03 	 5.277381e+02 
2.869219e-01 	 1.257326e+03 	 1.608306e+03 	 5.200363e+02 
2.891889e-01 	 1.242339e+03 	 1.588435e+03 	 5.121214e+02 
2.914739e-01 	 1.227560e+03 	 1.568868e+03 	 5.046319e+02 
2.937769e-01 	 1.212986e+03 	 1.549460e+03 	 4.969367e+02 
2.960980e-01 	 1.198611e+03 	 1.530348e+03 	 4.896591e+02 
2.984376e-01 	 1.184432e+03 	 1.511389e+03 	 4.821777e+02 
3.007956e-01 	 1.170442e+03 	 1.492718e+03 	 4.751001e+02 
3.031723e-01 	 1.156637e+03 	 1.474194e+03 	 4.678152e+02 
3.055677e-01 	 1.143010e+03 	 1.455950e+03 	 4.609167e+02 
3.079820e-01 	 1.129559e+03 	 1.437847e+03 	 4.538057e+02 
3.104155e-01 	 1.116278e+03 	 1.420015e+03 	 4.470648e+02 
3.128681e-01 	 1.103164e+03 	 1.402319e+03 	 4.401095e+02 
3.153402e-01 	 1.090210e+03 	 1.384888e+03 	 4.335132e+02 
3.178317e-01 	 1.077411e+03 	 1.367590e+03 	 4.267061e+02 
3.203430e-01 	 1.064765e+03 	 1.350550e+03 	 4.202524e+02 
3.228741e-01 	 1.052267e+03 	 1.333640e+03 	 4.135951e+02 
3.254252e-01 	 1.039916e+03 	 1.316983e+03 	 4.072872e+02 
3.279964e-01 	 1.027709e+03 	 1.300453e+03 	 4.007820e+02 
3.305880e-01 	 1.015641e+03 	 1.284170e+03 	 3.946194e+02 
3.332001e-01 	 1.003710e+03 	 1.268011e+03 	 3.882621e+02 
3.358328e-01 	 9.919142e+02 	 1.252092e+03 	 3.822375e+02 
3.384862e-01 	 9.802527e+02 	 1.236293e+03 	 3.760181e+02 
3.411607e-01 	 9.687248e+02 	 1.220729e+03 	 3.701208e+02 
3.438563e-01 	 9.573293e+02 	 1.205283e+03 	 3.640299e+02 
3.465732e-01 	 9.460650e+02 	 1.190069e+03 	 3.582532e+02 
3.493115e-01 	 9.349315e+02 	 1.174972e+03 	 3.522873e+02 
3.520715e-01 	 9.239330e+02 	 1.160105e+03 	 3.466305e+02 
3.548533e-01 	 9.130759e+02 	 1.145356e+03 	 3.407897e+02 
3.576571e-01 	 9.023665e+02 	 1.130834e+03 	 3.352525e+02 
3.604830e-01 	 8.918116e+02 	 1.116432e+03 	 3.295340e+02 
3.633312e-01 	 8.814179e+02 	 1.102255e+03 	 3.241100e+02 
3.662020e-01 	 8.711909e+02 	 1.088196e+03 	 3.185041e+02 
3.690954e-01 	 8.611311e+02 	 1.074360e+03 	 3.131812e+02 
3.720117e-01 	 8.512374e+02 	 1.060639e+03 	 3.076744e+02 
3.749511e-01 	 8.415086e+02 	 1.047136e+03 	 3.024400e+02 
3.779136e-01 	 8.319435e+02 	 1.033745e+03 	 2.970211e+02 
3.808996e-01 	 8.225402e+02 	 1.020564e+03 	 2.918655e+02 
3.839092e-01 	 8.132847e+02 	 1.007491e+03 	 2.865255e+02 
3.869425e-01 	 8.041318e+02 	 9.946194e+02 	 2.814387e+02 
3.899999e-01 	 7.950301e+02 	 9.818482e+02 	 2.761657e+02 
3.930813e-01 	 7.859251e+02 	 9.692719e+02 	 2.711346e+02 
3.961872e-01 	 7.767600e+02 	 9.567917e+02 	 2.659160e+02 
3.993175e-01 	 7.674761e+02 	 9.445030e+02 	 2.609321e+02 
4.024726e-01 	 7.580690e+02 	 9.323130e+02 	 2.557671e+02 
4.056526e-01 	 7.486257e+02 	 9.203195e+02 	 2.508408e+02 
4.088578e-01 	 7.392459e+02 	 9.084353e+02 	 2.457518e+02 
4.120883e-01 	 7.300340e+02 	 8.967593e+02 	 2.409160e+02 
4.153443e-01 	 7.210992e+02 	 8.852068e+02 	 2.359415e+02 
4.186260e-01 	 7.125525e+02 	 8.738732e+02 	 2.312339e+02 
4.219336e-01 	 7.044233e+02 	 8.626721e+02 	 2.264038e+02 
4.252674e-01 	 6.966477e+02 	 8.516918e+02 	 2.218418e+02 
4.286275e-01 	 6.891539e+02 	 8.408422e+02 	 2.171591e+02 
4.320142e-01 	 6.818662e+02 	 8.302052e+02 	 2.127327e+02 
4.354277e-01 	 6.747052e+02 	 8.196891e+02 	 2.081788e+02 
4.388681e-01 	 6.675919e+02 	 8.093723e+02 	 2.038665e+02 
4.423357e-01 	 6.605038e+02 	 7.991651e+02 	 1.994219e+02 
4.458306e-01 	 6.534617e+02 	 7.891456e+02 	 1.952090e+02 
4.493533e-01 	 6.464882e+02 	 7.792271e+02 	 1.908634e+02 
4.529037e-01 	 6.396071e+02 	 7.694872e+02 	 1.867426e+02 
4.564822e-01 	 6.328434e+02 	 7.598415e+02 	 1.824890e+02 
4.600889e-01 	 6.262189e+02 	 7.503661e+02 	 1.784522e+02 
4.637242e-01 	 6.197249e+02 	 7.409778e+02 	 1.742818e+02 
4.673882e-01 	 6.133360e+02 	 7.317507e+02 	 1.703216e+02 
4.710811e-01 	 6.070257e+02 	 7.226038e+02 	 1.662311e+02 
4.748032e-01 	 6.007660e+02 	 7.136099e+02 	 1.623496e+02 
4.785548e-01 	 5.945274e+02 	 7.046906e+02 	 1.583449e+02 
4.823359e-01 	 5.882867e+02 	 6.959186e+02 	 1.545490e+02 
4.861470e-01 	 5.820578e+02 	 6.872177e+02 	 1.506339e+02 
4.899881e-01 	 5.758681e+02 	 6.786605e+02 	 1.469216e+02 
4.938596e-01 	 5.697461e+02 	 6.701735e+02 	 1.430890e+02 
4.977617e-01 	 5.637216e+02 	 6.618288e+02 	 1.394521e+02 
5.016946e-01 	 5.578258e+02 	 6.535557e+02 	 1.356976e+02 
5.056586e-01 	 5.520811e+02 	 6.454255e+02 	 1.321399e+02 
5.096539e-01 	 5.464774e+02 	 6.373692e+02 	 1.284759e+02 
5.136808e-01 	 5.409969e+02 	 6.294561e+02 	 1.250147e+02 
5.177395e-01 	 5.356210e+02 	 6.216173e+02 	 1.214568e+02 
5.218303e-01 	 5.303300e+02 	 6.139195e+02 	 1.180998e+02 
5.259534e-01 	 5.251032e+02 	 6.062937e+02 	 1.146444e+02 
5.301091e-01 	 5.199241e+02 	 5.988046e+02 	 1.113782e+02 
5.342976e-01 	 5.147868e+02 	 5.913847e+02 	 1.080077e+02 
5.385192e-01 	 5.096865e+02 	 5.840982e+02 	 1.048172e+02 
5.427741e-01 	 5.046179e+02 	 5.768807e+02 	 1.015233e+02 
5.470627e-01 	 4.995758e+02 	 5.697964e+02 	 9.840920e+01 
5.513852e-01 	 4.945549e+02 	 5.627838e+02 	 9.520093e+01 
5.557418e-01 	 4.895678e+02 	 5.559075e+02 	 9.217839e+01 
5.601328e-01 	 4.846547e+02 	 5.491084e+02 	 8.907467e+01 
5.645585e-01 	 4.798592e+02 	 5.424509e+02 	 8.616436e+01 
5.690192e-01 	 4.752272e+02 	 5.358767e+02 	 8.318439e+01 
5.735152e-01 	 4.708068e+02 	 5.294470e+02 	 8.039927e+01 
5.780467e-01 	 4.666453e+02 	 5.231012e+02 	 7.754372e+01 
5.826139e-01 	 4.627321e+02 	 5.168942e+02 	 7.486769e+01 
5.872173e-01 	 4.589968e+02 	 5.107607e+02 	 7.210300e+01 
5.918570e-01 	 4.553634e+02 	 5.047492e+02 	 6.948972e+01 
5.965334e-01 	 4.517520e+02 	 4.987928e+02 	 6.676496e+01 
6.012467e-01 	 4.480787e+02 	 4.929384e+02 	 6.416804e+01 
6.059973e-01 	 4.442622e+02 	 4.871229e+02 	 6.144810e+01 
6.107854e-01 	 4.402969e+02 	 4.813970e+02 	 5.884716e+01 
6.156114e-01 	 4.362293e+02 	 4.757045e+02 	 5.612643e+01 
6.204755e-01 	 4.321093e+02 	 4.701009e+02 	 5.352862e+01 
6.253780e-01 	 4.279891e+02 	 4.645351e+02 	 5.082354e+01 
6.303192e-01 	 4.239235e+02 	 4.590636e+02 	 4.825049e+01 
6.352995e-01 	 4.199634e+02 	 4.536365e+02 	 4.558336e+01 
6.403191e-01 	 4.161164e+02 	 4.483073e+02 	 4.305496e+01 
6.453784e-01 	 4.123698e+02 	 4.430247e+02 	 4.044234e+01 
6.504777e-01 	 4.087102e+02 	 4.378390e+02 	 3.797325e+01 
6.556173e-01 	 4.051234e+02 	 4.326984e+02 	 3.542923e+01 
6.607975e-01 	 4.015947e+02 	 4.276515e+02 	 3.303184e+01 
6.660186e-01 	 3.981108e+02 	 4.226470e+02 	 3.056277e+01 
6.712809e-01 	 3.946690e+02 	 4.177317e+02 	 2.823328e+01 
6.765848e-01 	 3.912697e+02 	 4.128556e+02 	 2.582564e+01 
6.819307e-01 	 3.879133e+02 	 4.080651e+02 	 2.354830e+01 
6.873188e-01 	 3.846000e+02 	 4.033124e+02 	 2.119501e+01 
6.927494e-01 	 3.813302e+02 	 3.986439e+02 	 1.897901e+01 
6.982230e-01 	 3.781041e+02 	 3.940129e+02 	 1.670359e+01 
7.037398e-01 	 3.749231e+02 	 3.894649e+02 	 1.457608e+01 
7.093002e-01 	 3.717881e+02 	 3.849537e+02 	 1.239654e+01 
7.149045e-01 	 3.687003e+02 	 3.805238e+02 	 1.035993e+01 
7.205531e-01 	 3.656611e+02 	 3.761301e+02 	 8.265280e+00 
7.262464e-01 	 3.626715e+02 	 3.718166e+02 	 6.302695e+00 
7.319846e-01 	 3.597316e+02 	 3.675391e+02 	 4.277132e+00 
7.377682e-01 	 3.568394e+02 	 3.633396e+02 	 2.377495e+00 
7.435974e-01 	 3.539922e+02 	 3.591738e+02 	 4.145899e-01 
7.494728e-01 	 3.511874e+02 	 3.550823e+02 	 -1.426712e+00 
7.553945e-01 	 3.484219e+02 	 3.510212e+02 	 -3.334555e+00 
7.613631e-01 	 3.456928e+02 	 3.470296e+02 	 -5.131390e+00 
7.673787e-01 	 3.429951e+02 	 3.430636e+02 	 -7.002538e+00 
7.734420e-01 	 3.403212e+02 	 3.391610e+02 	 -8.770285e+00 
7.795531e-01 	 3.376632e+02 	 3.352787e+02 	 -1.060914e+01 
7.857125e-01 	 3.350127e+02 	 3.314537e+02 	 -1.233858e+01 
7.919206e-01 	 3.323608e+02 	 3.276433e+02 	 -1.412710e+01 
7.981777e-01 	 3.296991e+02 	 3.238840e+02 	 -1.579936e+01 
8.044843e-01 	 3.270298e+02 	 3.201358e+02 	 -1.752333e+01 
8.108407e-01 	 3.243658e+02 	 3.164376e+02 	 -1.912881e+01 
8.172473e-01 	 3.217207e+02 	 3.127528e+02 	 -2.078098e+01 
8.237046e-01 	 3.191087e+02 	 3.091203e+02 	 -2.231505e+01 
8.302129e-01 	 3.165449e+02 	 3.055043e+02 	 -2.389660e+01 
8.367725e-01 	 3.140437e+02 	 3.019432e+02 	 -2.536671e+01 
8.433841e-01 	 3.116085e+02 	 2.984025e+02 	 -2.688646e+01 
8.500478e-01 	 3.092361e+02 	 2.949207e+02 	 -2.829725e+01 
8.567642e-01 	 3.069227e+02 	 2.914645e+02 	 -2.975617e+01 
8.635337e-01 	 3.046643e+02 	 2.880714e+02 	 -3.111022e+01 
8.703567e-01 	 3.024568e+02 	 2.847072e+02 	 -3.251698e+01 
8.772336e-01 	 3.002953e+02 	 2.814049e+02 	 -3.382964e+01 
8.841648e-01 	 2.981711e+02 	 2.781268e+02 	 -3.520318e+01 
8.911507e-01 	 2.960737e+02 	 2.749036e+02 	 -3.648887e+01 
8.981919e-01 	 2.939921e+02 	 2.717000e+02 	 -3.782862e+01 
9.052887e-01 	 2.919146e+02 	 2.685481e+02 	 -3.906960e+01 
9.124416e-01 	 2.898291e+02 	 2.654131e+02 	 -4.035456e+01 
9.196510e-01 	 2.877269e+02 	 2.623259e+02 	 -4.154506e+01 
9.269174e-01 	 2.856161e+02 	 2.592540e+02 	 -4.278778e+01 
9.342411e-01 	 2.835090e+02 	 2.562318e+02 	 -4.394331e+01 
9.416228e-01 	 2.814187e+02 	 2.532318e+02 	 -4.514899e+01 
9.490627e-01 	 2.793590e+02 	 2.502892e+02 	 -4.626927e+01 
9.565615e-01 	 2.773443e+02 	 2.473754e+02 	 -4.744417e+01 
9.641195e-01 	 2.753841e+02 	 2.445226e+02 	 -4.853931e+01 
9.717372e-01 	 2.734745e+02 	 2.417007e+02 	 -4.968078e+01 
9.794151e-01 	 2.716093e+02 	 2.389383e+02 	 -5.072641e+01 
9.871537e-01 	 2.697815e+02 	 2.362021e+02 	 -5.179898e+01 
9.949534e-01 	 2.679841e+02 	 2.335170e+02 	 -5.276703e+01 
