7.911000000000000000e+03
2.634900000000000000e+04
4.892800000000000000e+04
6.737500000000000000e+04
7.635500000000000000e+04
8.310500000000000000e+04
9.006900000000000000e+04
9.710600000000000000e+04
1.048830000000000000e+05
1.118940000000000000e+05
1.214080000000000000e+05
1.293340000000000000e+05
1.400590000000000000e+05
1.347020000000000000e+05
1.071850000000000000e+05
9.492600000000000000e+04
8.654700000000000000e+04
7.868300000000000000e+04
7.044000000000000000e+04
6.228500000000000000e+04
5.422500000000000000e+04
4.548600000000000000e+04
4.090300000000000000e+04
3.911200000000000000e+04
3.744100000000000000e+04
3.650600000000000000e+04
3.466300000000000000e+04
2.966500000000000000e+04
2.541600000000000000e+04
2.115500000000000000e+04
1.706400000000000000e+04
1.266500000000000000e+04
9.454000000000000000e+03
7.289000000000000000e+03
5.782000000000000000e+03
4.550000000000000000e+03
3.521000000000000000e+03
2.957000000000000000e+03
2.282000000000000000e+03
1.625000000000000000e+03
1.031000000000000000e+03
6.860000000000000000e+02
4.010000000000000000e+02
2.850000000000000000e+02
1.920000000000000000e+02
1.300000000000000000e+02
9.000000000000000000e+01
6.200000000000000000e+01
1.500000000000000000e+01
2.000000000000000000e+00
