1.003402e-02 	 5.257330e-01 	 2.021008e-02 
1.010241e-02 	 5.245380e-01 	 2.041891e-02 
1.017126e-02 	 5.233710e-01 	 2.061127e-02 
1.024058e-02 	 5.222095e-01 	 2.082413e-02 
1.031037e-02 	 5.210770e-01 	 2.102105e-02 
1.038064e-02 	 5.199509e-01 	 2.123811e-02 
1.045139e-02 	 5.188538e-01 	 2.143972e-02 
1.052262e-02 	 5.177630e-01 	 2.166108e-02 
1.059434e-02 	 5.166996e-01 	 2.186740e-02 
1.066654e-02 	 5.156430e-01 	 2.209312e-02 
1.073924e-02 	 5.146166e-01 	 2.230438e-02 
1.081243e-02 	 5.136017e-01 	 2.253490e-02 
1.088612e-02 	 5.126184e-01 	 2.275147e-02 
1.096031e-02 	 5.116421e-01 	 2.298677e-02 
1.103501e-02 	 5.106887e-01 	 2.320818e-02 
1.111022e-02 	 5.097374e-01 	 2.344774e-02 
1.118594e-02 	 5.088094e-01 	 2.367386e-02 
1.126218e-02 	 5.078878e-01 	 2.391798e-02 
1.133894e-02 	 5.069943e-01 	 2.414930e-02 
1.141621e-02 	 5.061140e-01 	 2.439865e-02 
1.149402e-02 	 5.052687e-01 	 2.463594e-02 
1.157236e-02 	 5.044383e-01 	 2.489106e-02 
1.165123e-02 	 5.036349e-01 	 2.513416e-02 
1.173064e-02 	 5.028355e-01 	 2.539426e-02 
1.181058e-02 	 5.020576e-01 	 2.564244e-02 
1.189108e-02 	 5.012875e-01 	 2.590752e-02 
1.197212e-02 	 5.005452e-01 	 2.616138e-02 
1.205372e-02 	 4.998130e-01 	 2.643199e-02 
1.213587e-02 	 4.991043e-01 	 2.669153e-02 
1.221858e-02 	 4.984004e-01 	 2.696727e-02 
1.230185e-02 	 4.977205e-01 	 2.723232e-02 
1.238569e-02 	 4.970547e-01 	 2.751381e-02 
1.247011e-02 	 4.964231e-01 	 2.778555e-02 
1.255510e-02 	 4.958067e-01 	 2.807357e-02 
1.264066e-02 	 4.952133e-01 	 2.835156e-02 
1.272682e-02 	 4.946226e-01 	 2.864489e-02 
1.281355e-02 	 4.940538e-01 	 2.892845e-02 
1.290088e-02 	 4.935000e-01 	 2.922782e-02 
1.298881e-02 	 4.929810e-01 	 2.951852e-02 
1.307733e-02 	 4.924776e-01 	 2.982488e-02 
1.316646e-02 	 4.919961e-01 	 3.012213e-02 
1.325619e-02 	 4.915169e-01 	 3.043401e-02 
1.334654e-02 	 4.910578e-01 	 3.073697e-02 
1.343750e-02 	 4.906113e-01 	 3.105497e-02 
1.352909e-02 	 4.901955e-01 	 3.136502e-02 
1.362129e-02 	 4.897963e-01 	 3.169019e-02 
1.371413e-02 	 4.894251e-01 	 3.200756e-02 
1.380759e-02 	 4.890677e-01 	 3.233967e-02 
1.390170e-02 	 4.887372e-01 	 3.266423e-02 
1.399644e-02 	 4.884220e-01 	 3.300346e-02 
1.409184e-02 	 4.881343e-01 	 3.333546e-02 
1.418788e-02 	 4.878597e-01 	 3.368182e-02 
1.428457e-02 	 4.876075e-01 	 3.402088e-02 
1.438193e-02 	 4.873647e-01 	 3.437386e-02 
1.447995e-02 	 4.871443e-01 	 3.471981e-02 
1.457863e-02 	 4.869367e-01 	 3.507974e-02 
1.467799e-02 	 4.867552e-01 	 3.543317e-02 
1.477803e-02 	 4.865914e-01 	 3.580077e-02 
1.487875e-02 	 4.864592e-01 	 3.616254e-02 
1.498015e-02 	 4.863468e-01 	 3.653852e-02 
1.508225e-02 	 4.862598e-01 	 3.690847e-02 
1.518504e-02 	 4.861813e-01 	 3.729163e-02 
1.528853e-02 	 4.861210e-01 	 3.766845e-02 
1.539273e-02 	 4.860737e-01 	 3.805865e-02 
1.549764e-02 	 4.860554e-01 	 3.844357e-02 
1.560326e-02 	 4.860582e-01 	 3.884238e-02 
1.570960e-02 	 4.860906e-01 	 3.923621e-02 
1.581667e-02 	 4.861411e-01 	 3.964357e-02 
1.592447e-02 	 4.862191e-01 	 4.004602e-02 
1.603300e-02 	 4.863158e-01 	 4.046193e-02 
1.614227e-02 	 4.864418e-01 	 4.087331e-02 
1.625229e-02 	 4.865864e-01 	 4.129803e-02 
1.636305e-02 	 4.867562e-01 	 4.171809e-02 
1.647457e-02 	 4.869391e-01 	 4.215089e-02 
1.658685e-02 	 4.871450e-01 	 4.257903e-02 
1.669990e-02 	 4.873677e-01 	 4.302010e-02 
1.681372e-02 	 4.876193e-01 	 4.345723e-02 
1.692831e-02 	 4.878916e-01 	 4.390751e-02 
1.704368e-02 	 4.881931e-01 	 4.435407e-02 
1.715984e-02 	 4.885142e-01 	 4.481360e-02 
1.727679e-02 	 4.888635e-01 	 4.526951e-02 
1.739454e-02 	 4.892322e-01 	 4.573823e-02 
1.751309e-02 	 4.896286e-01 	 4.620348e-02 
1.763245e-02 	 4.900439e-01 	 4.668139e-02 
1.775262e-02 	 4.904859e-01 	 4.715591e-02 
1.787361e-02 	 4.909464e-01 	 4.764294e-02 
1.799543e-02 	 4.914365e-01 	 4.812700e-02 
1.811808e-02 	 4.919521e-01 	 4.862413e-02 
1.824156e-02 	 4.925039e-01 	 4.911915e-02 
1.836588e-02 	 4.930796e-01 	 4.962700e-02 
1.849105e-02 	 4.936801e-01 	 5.013176e-02 
1.861708e-02 	 4.942927e-01 	 5.064804e-02 
1.874396e-02 	 4.949297e-01 	 5.116129e-02 
1.887171e-02 	 4.955912e-01 	 5.168718e-02 
1.900033e-02 	 4.962901e-01 	 5.221156e-02 
1.912982e-02 	 4.970171e-01 	 5.274888e-02 
1.926020e-02 	 4.977754e-01 	 5.328417e-02 
1.939146e-02 	 4.985544e-01 	 5.383153e-02 
1.952363e-02 	 4.993610e-01 	 5.437657e-02 
1.965669e-02 	 5.001884e-01 	 5.493356e-02 
1.979066e-02 	 5.010449e-01 	 5.548851e-02 
1.992554e-02 	 5.019281e-01 	 5.605593e-02 
2.006134e-02 	 5.028497e-01 	 5.662246e-02 
2.019806e-02 	 5.038047e-01 	 5.720213e-02 
2.033572e-02 	 5.047932e-01 	 5.778047e-02 
2.047432e-02 	 5.058004e-01 	 5.837017e-02 
2.061386e-02 	 5.068295e-01 	 5.895728e-02 
2.075435e-02 	 5.078811e-01 	 5.955604e-02 
2.089580e-02 	 5.089702e-01 	 6.015407e-02 
2.103821e-02 	 5.100946e-01 	 6.076516e-02 
2.118160e-02 	 5.112581e-01 	 6.137580e-02 
2.132596e-02 	 5.124506e-01 	 6.199865e-02 
2.147130e-02 	 5.136750e-01 	 6.262027e-02 
2.161764e-02 	 5.149227e-01 	 6.325327e-02 
2.176497e-02 	 5.161973e-01 	 6.388445e-02 
2.191331e-02 	 5.174947e-01 	 6.452678e-02 
2.206266e-02 	 5.188286e-01 	 6.516851e-02 
2.221302e-02 	 5.202014e-01 	 6.582326e-02 
2.236441e-02 	 5.216204e-01 	 6.647871e-02 
2.251684e-02 	 5.230735e-01 	 6.714647e-02 
2.267030e-02 	 5.245595e-01 	 6.781327e-02 
2.282481e-02 	 5.260701e-01 	 6.849103e-02 
2.298037e-02 	 5.276129e-01 	 6.916770e-02 
2.313699e-02 	 5.291842e-01 	 6.985567e-02 
2.329467e-02 	 5.307903e-01 	 7.054290e-02 
2.345344e-02 	 5.324254e-01 	 7.124132e-02 
2.361328e-02 	 5.340950e-01 	 7.193891e-02 
2.377422e-02 	 5.357971e-01 	 7.264800e-02 
2.393625e-02 	 5.375439e-01 	 7.335764e-02 
2.409938e-02 	 5.393360e-01 	 7.408037e-02 
2.426363e-02 	 5.411735e-01 	 7.480375e-02 
2.442900e-02 	 5.430386e-01 	 7.553768e-02 
2.459549e-02 	 5.449251e-01 	 7.626885e-02 
2.476312e-02 	 5.468315e-01 	 7.700925e-02 
2.493189e-02 	 5.487756e-01 	 7.774909e-02 
2.510181e-02 	 5.507639e-01 	 7.850137e-02 
2.527289e-02 	 5.528013e-01 	 7.925468e-02 
2.544513e-02 	 5.548768e-01 	 8.001942e-02 
2.561855e-02 	 5.569899e-01 	 8.078348e-02 
2.579315e-02 	 5.591359e-01 	 8.155804e-02 
2.596894e-02 	 5.613226e-01 	 8.233228e-02 
2.614593e-02 	 5.635470e-01 	 8.311752e-02 
2.632413e-02 	 5.658127e-01 	 8.390246e-02 
2.650354e-02 	 5.681122e-01 	 8.469763e-02 
2.668417e-02 	 5.704483e-01 	 8.549168e-02 
2.686603e-02 	 5.728178e-01 	 8.629569e-02 
2.704914e-02 	 5.752284e-01 	 8.709913e-02 
2.723349e-02 	 5.776778e-01 	 8.791317e-02 
2.741909e-02 	 5.801728e-01 	 8.872724e-02 
2.760597e-02 	 5.827106e-01 	 8.955228e-02 
2.779411e-02 	 5.852956e-01 	 9.037754e-02 
2.798354e-02 	 5.879169e-01 	 9.121258e-02 
2.817426e-02 	 5.905707e-01 	 9.204544e-02 
2.836628e-02 	 5.932480e-01 	 9.288589e-02 
2.855961e-02 	 5.959602e-01 	 9.372434e-02 
2.875425e-02 	 5.987118e-01 	 9.457267e-02 
2.895022e-02 	 6.015132e-01 	 9.542122e-02 
2.914753e-02 	 6.043557e-01 	 9.627975e-02 
2.934618e-02 	 6.072382e-01 	 9.713687e-02 
2.954619e-02 	 6.101528e-01 	 9.800231e-02 
2.974756e-02 	 6.131057e-01 	 9.886596e-02 
2.995030e-02 	 6.160950e-01 	 9.973844e-02 
3.015442e-02 	 6.191245e-01 	 1.006093e-01 
3.035994e-02 	 6.221840e-01 	 1.014878e-01 
3.056685e-02 	 6.252710e-01 	 1.023626e-01 
3.077518e-02 	 6.283792e-01 	 1.032433e-01 
3.098492e-02 	 6.315194e-01 	 1.041209e-01 
3.119610e-02 	 6.346948e-01 	 1.050066e-01 
3.140871e-02 	 6.379128e-01 	 1.058908e-01 
3.162278e-02 	 6.411672e-01 	 1.067832e-01 
3.183830e-02 	 6.444595e-01 	 1.076734e-01 
3.205529e-02 	 6.477835e-01 	 1.085709e-01 
3.227376e-02 	 6.511428e-01 	 1.094656e-01 
3.249372e-02 	 6.545325e-01 	 1.103674e-01 
3.271518e-02 	 6.579583e-01 	 1.112665e-01 
3.293814e-02 	 6.614197e-01 	 1.121736e-01 
3.316263e-02 	 6.649239e-01 	 1.130791e-01 
3.338865e-02 	 6.684530e-01 	 1.139908e-01 
3.361620e-02 	 6.719817e-01 	 1.148937e-01 
3.384531e-02 	 6.754802e-01 	 1.157932e-01 
3.407598e-02 	 6.790060e-01 	 1.166886e-01 
3.430822e-02 	 6.826704e-01 	 1.176098e-01 
3.454205e-02 	 6.865948e-01 	 1.185673e-01 
3.477747e-02 	 6.907960e-01 	 1.195749e-01 
3.501449e-02 	 6.952357e-01 	 1.206158e-01 
3.525313e-02 	 6.998621e-01 	 1.216919e-01 
3.549339e-02 	 7.046256e-01 	 1.227843e-01 
3.573529e-02 	 7.094629e-01 	 1.238926e-01 
3.597884e-02 	 7.143119e-01 	 1.249958e-01 
3.622405e-02 	 7.190953e-01 	 1.260906e-01 
3.647094e-02 	 7.237401e-01 	 1.271541e-01 
3.671950e-02 	 7.282208e-01 	 1.281920e-01 
3.696976e-02 	 7.325688e-01 	 1.291995e-01 
3.722172e-02 	 7.368129e-01 	 1.301921e-01 
3.747540e-02 	 7.409933e-01 	 1.311667e-01 
3.773081e-02 	 7.451470e-01 	 1.321403e-01 
3.798796e-02 	 7.493227e-01 	 1.331115e-01 
3.824687e-02 	 7.535601e-01 	 1.340978e-01 
3.850754e-02 	 7.578688e-01 	 1.350910e-01 
3.876998e-02 	 7.622322e-01 	 1.360987e-01 
3.903421e-02 	 7.666399e-01 	 1.371093e-01 
3.930025e-02 	 7.710725e-01 	 1.381297e-01 
3.956809e-02 	 7.755166e-01 	 1.391477e-01 
3.983777e-02 	 7.799495e-01 	 1.401697e-01 
4.010928e-02 	 7.843581e-01 	 1.411836e-01 
4.038264e-02 	 7.887354e-01 	 1.421985e-01 
4.065786e-02 	 7.930852e-01 	 1.432054e-01 
4.093496e-02 	 7.974041e-01 	 1.442142e-01 
4.121395e-02 	 8.016962e-01 	 1.452158e-01 
4.149484e-02 	 8.059588e-01 	 1.462202e-01 
4.177764e-02 	 8.101965e-01 	 1.472186e-01 
4.206238e-02 	 8.144051e-01 	 1.482207e-01 
4.234905e-02 	 8.185845e-01 	 1.492167e-01 
4.263767e-02 	 8.227266e-01 	 1.502158e-01 
4.292827e-02 	 8.268303e-01 	 1.512079e-01 
4.322084e-02 	 8.308873e-01 	 1.522022e-01 
4.351541e-02 	 8.348958e-01 	 1.531885e-01 
4.381198e-02 	 8.388471e-01 	 1.541758e-01 
4.411058e-02 	 8.427400e-01 	 1.551541e-01 
4.441121e-02 	 8.465673e-01 	 1.561325e-01 
4.471389e-02 	 8.503285e-01 	 1.571014e-01 
4.501864e-02 	 8.540164e-01 	 1.580697e-01 
4.532546e-02 	 8.576305e-01 	 1.590276e-01 
4.563437e-02 	 8.611633e-01 	 1.599841e-01 
4.594538e-02 	 8.646142e-01 	 1.609295e-01 
4.625852e-02 	 8.679760e-01 	 1.618725e-01 
4.657379e-02 	 8.712476e-01 	 1.628034e-01 
4.689121e-02 	 8.744219e-01 	 1.637308e-01 
4.721079e-02 	 8.774978e-01 	 1.646451e-01 
4.753255e-02 	 8.804681e-01 	 1.655546e-01 
4.785651e-02 	 8.833318e-01 	 1.664498e-01 
4.818267e-02 	 8.860818e-01 	 1.673389e-01 
4.851105e-02 	 8.887177e-01 	 1.682124e-01 
4.884168e-02 	 8.912333e-01 	 1.690787e-01 
4.917455e-02 	 8.936286e-01 	 1.699282e-01 
4.950970e-02 	 8.958974e-01 	 1.707692e-01 
4.984713e-02 	 8.980403e-01 	 1.715921e-01 
5.018685e-02 	 9.000513e-01 	 1.724052e-01 
5.052890e-02 	 9.019306e-01 	 1.731988e-01 
5.087327e-02 	 9.036709e-01 	 1.739807e-01 
5.121999e-02 	 9.052710e-01 	 1.747409e-01 
5.156908e-02 	 9.067234e-01 	 1.754871e-01 
5.192054e-02 	 9.080270e-01 	 1.762092e-01 
5.227440e-02 	 9.091747e-01 	 1.769147e-01 
5.263067e-02 	 9.101655e-01 	 1.775936e-01 
5.298937e-02 	 9.109954e-01 	 1.782537e-01 
5.335052e-02 	 9.116712e-01 	 1.788867e-01 
5.371412e-02 	 9.121948e-01 	 1.795012e-01 
5.408021e-02 	 9.125744e-01 	 1.800893e-01 
5.444879e-02 	 9.128132e-01 	 1.806597e-01 
5.481988e-02 	 9.129205e-01 	 1.812046e-01 
5.519350e-02 	 9.129011e-01 	 1.817330e-01 
5.556966e-02 	 9.127691e-01 	 1.822381e-01 
5.594839e-02 	 9.125370e-01 	 1.827304e-01 
5.632970e-02 	 9.122237e-01 	 1.832040e-01 
5.671361e-02 	 9.118436e-01 	 1.836697e-01 
5.710014e-02 	 9.114178e-01 	 1.841222e-01 
5.748930e-02 	 9.109627e-01 	 1.845727e-01 
5.788111e-02 	 9.105003e-01 	 1.850163e-01 
5.827560e-02 	 9.100413e-01 	 1.854628e-01 
5.867277e-02 	 9.095986e-01 	 1.859056e-01 
5.907265e-02 	 9.091808e-01 	 1.863540e-01 
5.947525e-02 	 9.088019e-01 	 1.868018e-01 
5.988060e-02 	 9.084718e-01 	 1.872586e-01 
6.028871e-02 	 9.082059e-01 	 1.877186e-01 
6.069960e-02 	 9.080142e-01 	 1.881911e-01 
6.111329e-02 	 9.079087e-01 	 1.886700e-01 
6.152981e-02 	 9.078957e-01 	 1.891639e-01 
6.194916e-02 	 9.079873e-01 	 1.896665e-01 
6.237137e-02 	 9.081909e-01 	 1.901867e-01 
6.279645e-02 	 9.085196e-01 	 1.907188e-01 
6.322443e-02 	 9.089824e-01 	 1.912717e-01 
6.365534e-02 	 9.095928e-01 	 1.918401e-01 
6.408917e-02 	 9.103586e-01 	 1.924327e-01 
6.452597e-02 	 9.112927e-01 	 1.930439e-01 
6.496574e-02 	 9.124042e-01 	 1.936830e-01 
6.540850e-02 	 9.137075e-01 	 1.943448e-01 
6.585429e-02 	 9.152134e-01 	 1.950389e-01 
6.630311e-02 	 9.169381e-01 	 1.957606e-01 
6.675500e-02 	 9.188874e-01 	 1.965185e-01 
6.720996e-02 	 9.210648e-01 	 1.973053e-01 
6.766802e-02 	 9.234687e-01 	 1.981281e-01 
6.812921e-02 	 9.261021e-01 	 1.989797e-01 
6.859354e-02 	 9.289636e-01 	 1.998670e-01 
6.906103e-02 	 9.320560e-01 	 2.007829e-01 
6.953171e-02 	 9.353775e-01 	 2.017344e-01 
7.000559e-02 	 9.389248e-01 	 2.027132e-01 
7.048271e-02 	 9.426866e-01 	 2.037243e-01 
7.096308e-02 	 9.466545e-01 	 2.047583e-01 
7.144672e-02 	 9.508143e-01 	 2.058197e-01 
7.193366e-02 	 9.551551e-01 	 2.068986e-01 
7.242392e-02 	 9.596596e-01 	 2.079991e-01 
7.291751e-02 	 9.643148e-01 	 2.091110e-01 
7.341448e-02 	 9.691100e-01 	 2.102397e-01 
7.391483e-02 	 9.740408e-01 	 2.113772e-01 
7.441859e-02 	 9.790975e-01 	 2.125292e-01 
7.492578e-02 	 9.842735e-01 	 2.136875e-01 
7.543643e-02 	 9.895568e-01 	 2.148575e-01 
7.595056e-02 	 9.949385e-01 	 2.160304e-01 
7.646819e-02 	 1.000405e+00 	 2.172118e-01 
7.698935e-02 	 1.005951e+00 	 2.183937e-01 
7.751407e-02 	 1.011566e+00 	 2.195823e-01 
7.804236e-02 	 1.017241e+00 	 2.207697e-01 
7.857425e-02 	 1.022966e+00 	 2.219619e-01 
7.910976e-02 	 1.028730e+00 	 2.231504e-01 
7.964893e-02 	 1.034517e+00 	 2.243410e-01 
8.019177e-02 	 1.040318e+00 	 2.255253e-01 
8.073831e-02 	 1.046119e+00 	 2.267096e-01 
8.128857e-02 	 1.051912e+00 	 2.278862e-01 
8.184259e-02 	 1.057682e+00 	 2.290612e-01 
8.240038e-02 	 1.063418e+00 	 2.302263e-01 
8.296197e-02 	 1.069102e+00 	 2.313874e-01 
8.352739e-02 	 1.074720e+00 	 2.325357e-01 
8.409666e-02 	 1.080260e+00 	 2.336781e-01 
8.466982e-02 	 1.085716e+00 	 2.348078e-01 
8.524687e-02 	 1.091080e+00 	 2.359328e-01 
8.582787e-02 	 1.096347e+00 	 2.370463e-01 
8.641282e-02 	 1.101507e+00 	 2.381562e-01 
8.700176e-02 	 1.106555e+00 	 2.392556e-01 
8.759471e-02 	 1.111482e+00 	 2.403524e-01 
8.819170e-02 	 1.116286e+00 	 2.414406e-01 
8.879277e-02 	 1.120965e+00 	 2.425297e-01 
8.939792e-02 	 1.125521e+00 	 2.436140e-01 
9.000721e-02 	 1.129953e+00 	 2.447033e-01 
9.062064e-02 	 1.134264e+00 	 2.457921e-01 
9.123826e-02 	 1.138453e+00 	 2.468902e-01 
9.186009e-02 	 1.142525e+00 	 2.479923e-01 
9.248615e-02 	 1.146476e+00 	 2.491071e-01 
9.311648e-02 	 1.150306e+00 	 2.502282e-01 
9.375111e-02 	 1.154010e+00 	 2.513643e-01 
9.439006e-02 	 1.157590e+00 	 2.525088e-01 
9.503336e-02 	 1.161041e+00 	 2.536701e-01 
9.568106e-02 	 1.164364e+00 	 2.548417e-01 
9.633316e-02 	 1.167557e+00 	 2.560321e-01 
9.698971e-02 	 1.170622e+00 	 2.572345e-01 
9.765073e-02 	 1.173556e+00 	 2.584573e-01 
9.831626e-02 	 1.176363e+00 	 2.596937e-01 
9.898633e-02 	 1.179040e+00 	 2.609522e-01 
9.966096e-02 	 1.181592e+00 	 2.622260e-01 
1.003402e-01 	 1.184019e+00 	 2.635234e-01 
1.010241e-01 	 1.186321e+00 	 2.648368e-01 
1.017126e-01 	 1.188492e+00 	 2.661726e-01 
1.024058e-01 	 1.190527e+00 	 2.675219e-01 
1.031037e-01 	 1.192417e+00 	 2.688907e-01 
1.038064e-01 	 1.194161e+00 	 2.702697e-01 
1.045139e-01 	 1.195748e+00 	 2.716647e-01 
1.052262e-01 	 1.197177e+00 	 2.730663e-01 
1.059434e-01 	 1.198454e+00 	 2.744833e-01 
1.066654e-01 	 1.199600e+00 	 2.759118e-01 
1.073924e-01 	 1.200637e+00 	 2.773636e-01 
1.081243e-01 	 1.201590e+00 	 2.788355e-01 
1.088612e-01 	 1.202483e+00 	 2.803403e-01 
1.096031e-01 	 1.203347e+00 	 2.818759e-01 
1.103501e-01 	 1.204206e+00 	 2.834548e-01 
1.111022e-01 	 1.205054e+00 	 2.850666e-01 
1.118594e-01 	 1.205869e+00 	 2.867128e-01 
1.126218e-01 	 1.206632e+00 	 2.883791e-01 
1.133894e-01 	 1.207316e+00 	 2.900658e-01 
1.141621e-01 	 1.207899e+00 	 2.917574e-01 
1.149402e-01 	 1.208352e+00 	 2.934529e-01 
1.157236e-01 	 1.208660e+00 	 2.951381e-01 
1.165123e-01 	 1.208836e+00 	 2.968221e-01 
1.173064e-01 	 1.208907e+00 	 2.985010e-01 
1.181058e-01 	 1.208899e+00 	 3.001866e-01 
1.189108e-01 	 1.208842e+00 	 3.018761e-01 
1.197212e-01 	 1.208766e+00 	 3.035826e-01 
1.205372e-01 	 1.208707e+00 	 3.053049e-01 
1.213587e-01 	 1.208686e+00 	 3.070542e-01 
1.221858e-01 	 1.208706e+00 	 3.088214e-01 
1.230185e-01 	 1.208766e+00 	 3.106119e-01 
1.238569e-01 	 1.208868e+00 	 3.124161e-01 
1.247011e-01 	 1.209008e+00 	 3.142393e-01 
1.255510e-01 	 1.209190e+00 	 3.160722e-01 
1.264066e-01 	 1.209410e+00 	 3.179204e-01 
1.272682e-01 	 1.209676e+00 	 3.197756e-01 
1.281355e-01 	 1.209995e+00 	 3.216460e-01 
1.290088e-01 	 1.210377e+00 	 3.235253e-01 
1.298881e-01 	 1.210833e+00 	 3.254223e-01 
1.307733e-01 	 1.211375e+00 	 3.273314e-01 
1.316646e-01 	 1.212014e+00 	 3.292624e-01 
1.325619e-01 	 1.212764e+00 	 3.312104e-01 
1.334654e-01 	 1.213626e+00 	 3.331826e-01 
1.343750e-01 	 1.214598e+00 	 3.351701e-01 
1.352909e-01 	 1.215673e+00 	 3.371786e-01 
1.362129e-01 	 1.216849e+00 	 3.391992e-01 
1.371413e-01 	 1.218119e+00 	 3.412378e-01 
1.380759e-01 	 1.219480e+00 	 3.432851e-01 
1.390170e-01 	 1.220923e+00 	 3.453470e-01 
1.399644e-01 	 1.222446e+00 	 3.474144e-01 
1.409184e-01 	 1.224040e+00 	 3.494934e-01 
1.418788e-01 	 1.225700e+00 	 3.515746e-01 
1.428457e-01 	 1.227418e+00 	 3.536639e-01 
1.438193e-01 	 1.229188e+00 	 3.557516e-01 
1.447995e-01 	 1.230998e+00 	 3.578431e-01 
1.457863e-01 	 1.232843e+00 	 3.599287e-01 
1.467799e-01 	 1.234715e+00 	 3.620145e-01 
1.477803e-01 	 1.236609e+00 	 3.640916e-01 
1.487875e-01 	 1.238516e+00 	 3.661659e-01 
1.498015e-01 	 1.240432e+00 	 3.682280e-01 
1.508225e-01 	 1.242345e+00 	 3.702835e-01 
1.518504e-01 	 1.244250e+00 	 3.723225e-01 
1.528853e-01 	 1.246136e+00 	 3.743509e-01 
1.539273e-01 	 1.248001e+00 	 3.763600e-01 
1.549764e-01 	 1.249838e+00 	 3.783563e-01 
1.560326e-01 	 1.251642e+00 	 3.803310e-01 
1.570960e-01 	 1.253406e+00 	 3.822904e-01 
1.581667e-01 	 1.255125e+00 	 3.842252e-01 
1.592447e-01 	 1.256789e+00 	 3.861418e-01 
1.603300e-01 	 1.258394e+00 	 3.880307e-01 
1.614227e-01 	 1.259931e+00 	 3.898981e-01 
1.625229e-01 	 1.261393e+00 	 3.917343e-01 
1.636305e-01 	 1.262771e+00 	 3.935451e-01 
1.647457e-01 	 1.264057e+00 	 3.953205e-01 
1.658685e-01 	 1.265241e+00 	 3.970656e-01 
1.669990e-01 	 1.266315e+00 	 3.987702e-01 
1.681372e-01 	 1.267277e+00 	 4.004419e-01 
1.692831e-01 	 1.268130e+00 	 4.020736e-01 
1.704368e-01 	 1.268877e+00 	 4.036740e-01 
1.715984e-01 	 1.269523e+00 	 4.052358e-01 
1.727679e-01 	 1.270070e+00 	 4.067678e-01 
1.739454e-01 	 1.270525e+00 	 4.082627e-01 
1.751309e-01 	 1.270891e+00 	 4.097289e-01 
1.763245e-01 	 1.271174e+00 	 4.111586e-01 
1.775262e-01 	 1.271378e+00 	 4.125600e-01 
1.787361e-01 	 1.271511e+00 	 4.139249e-01 
1.799543e-01 	 1.271576e+00 	 4.152615e-01 
1.811808e-01 	 1.271582e+00 	 4.165619e-01 
1.824156e-01 	 1.271536e+00 	 4.178344e-01 
1.836588e-01 	 1.271445e+00 	 4.190707e-01 
1.849105e-01 	 1.271312e+00 	 4.202777e-01 
1.861708e-01 	 1.271142e+00 	 4.214461e-01 
1.874396e-01 	 1.270937e+00 	 4.225831e-01 
1.887171e-01 	 1.270705e+00 	 4.236799e-01 
1.900033e-01 	 1.270448e+00 	 4.247440e-01 
1.912982e-01 	 1.270175e+00 	 4.257672e-01 
1.926020e-01 	 1.269889e+00 	 4.267573e-01 
1.939146e-01 	 1.269594e+00 	 4.277056e-01 
1.952363e-01 	 1.269294e+00 	 4.286196e-01 
1.965669e-01 	 1.268994e+00 	 4.294911e-01 
1.979066e-01 	 1.268698e+00 	 4.303285e-01 
1.992554e-01 	 1.268413e+00 	 4.311240e-01 
2.006134e-01 	 1.268143e+00 	 4.318862e-01 
2.019806e-01 	 1.267894e+00 	 4.326073e-01 
2.033572e-01 	 1.267668e+00 	 4.332953e-01 
2.047432e-01 	 1.267472e+00 	 4.339421e-01 
2.061386e-01 	 1.267309e+00 	 4.345559e-01 
2.075435e-01 	 1.267184e+00 	 4.351292e-01 
2.089580e-01 	 1.267104e+00 	 4.356704e-01 
2.103821e-01 	 1.267073e+00 	 4.361720e-01 
2.118160e-01 	 1.267091e+00 	 4.366403e-01 
2.132596e-01 	 1.267155e+00 	 4.370651e-01 
2.147130e-01 	 1.267262e+00 	 4.374527e-01 
2.161764e-01 	 1.267410e+00 	 4.377930e-01 
2.176497e-01 	 1.267595e+00 	 4.380927e-01 
2.191331e-01 	 1.267816e+00 	 4.383424e-01 
2.206266e-01 	 1.268067e+00 	 4.385494e-01 
2.221302e-01 	 1.268348e+00 	 4.387050e-01 
2.236441e-01 	 1.268655e+00 	 4.388174e-01 
2.251684e-01 	 1.268987e+00 	 4.388786e-01 
2.267030e-01 	 1.269339e+00 	 4.388973e-01 
2.282481e-01 	 1.269710e+00 	 4.388659e-01 
2.298037e-01 	 1.270096e+00 	 4.387935e-01 
2.313699e-01 	 1.270494e+00 	 4.386725e-01 
2.329467e-01 	 1.270902e+00 	 4.385121e-01 
2.345344e-01 	 1.271317e+00 	 4.383048e-01 
2.361328e-01 	 1.271735e+00 	 4.380595e-01 
2.377422e-01 	 1.272154e+00 	 4.377683e-01 
2.393625e-01 	 1.272570e+00 	 4.374396e-01 
2.409938e-01 	 1.272981e+00 	 4.370652e-01 
2.426363e-01 	 1.273381e+00 	 4.366535e-01 
2.442900e-01 	 1.273771e+00 	 4.361964e-01 
2.459549e-01 	 1.274146e+00 	 4.357028e-01 
2.476312e-01 	 1.274505e+00 	 4.351646e-01 
2.493189e-01 	 1.274845e+00 	 4.345911e-01 
2.510181e-01 	 1.275164e+00 	 4.339747e-01 
2.527289e-01 	 1.275459e+00 	 4.333251e-01 
2.544513e-01 	 1.275727e+00 	 4.326352e-01 
2.561855e-01 	 1.275965e+00 	 4.319150e-01 
2.579315e-01 	 1.276170e+00 	 4.311576e-01 
2.596894e-01 	 1.276338e+00 	 4.303730e-01 
2.614593e-01 	 1.276467e+00 	 4.295545e-01 
2.632413e-01 	 1.276552e+00 	 4.287119e-01 
2.650354e-01 	 1.276591e+00 	 4.278380e-01 
2.668417e-01 	 1.276583e+00 	 4.269433e-01 
2.686603e-01 	 1.276531e+00 	 4.260212e-01 
2.704914e-01 	 1.276432e+00 	 4.250816e-01 
2.723349e-01 	 1.276290e+00 	 4.241173e-01 
2.741909e-01 	 1.276105e+00 	 4.231380e-01 
2.760597e-01 	 1.275880e+00 	 4.221360e-01 
2.779411e-01 	 1.275614e+00 	 4.211209e-01 
2.798354e-01 	 1.275311e+00 	 4.200845e-01 
2.817426e-01 	 1.274968e+00 	 4.190362e-01 
2.836628e-01 	 1.274589e+00 	 4.179682e-01 
2.855961e-01 	 1.274174e+00 	 4.168906e-01 
2.875425e-01 	 1.273725e+00 	 4.157961e-01 
2.895022e-01 	 1.273243e+00 	 4.146952e-01 
2.914753e-01 	 1.272732e+00 	 4.135805e-01 
2.934618e-01 	 1.272190e+00 	 4.124616e-01 
2.954619e-01 	 1.271619e+00 	 4.113302e-01 
2.974756e-01 	 1.271019e+00 	 4.101952e-01 
2.995030e-01 	 1.270391e+00 	 4.090478e-01 
3.015442e-01 	 1.269736e+00 	 4.078962e-01 
3.035994e-01 	 1.269056e+00 	 4.067309e-01 
3.056685e-01 	 1.268351e+00 	 4.055593e-01 
3.077518e-01 	 1.267623e+00 	 4.043714e-01 
3.098492e-01 	 1.266872e+00 	 4.031746e-01 
3.119610e-01 	 1.266099e+00 	 4.019592e-01 
3.140871e-01 	 1.265305e+00 	 4.007338e-01 
3.162278e-01 	 1.264494e+00 	 3.994894e-01 
3.183830e-01 	 1.263666e+00 	 3.982353e-01 
3.205529e-01 	 1.262824e+00 	 3.969628e-01 
3.227376e-01 	 1.261967e+00 	 3.956807e-01 
3.249372e-01 	 1.261096e+00 	 3.943800e-01 
3.271518e-01 	 1.260212e+00 	 3.930695e-01 
3.293814e-01 	 1.259317e+00 	 3.917396e-01 
3.316263e-01 	 1.258411e+00 	 3.903984e-01 
3.338865e-01 	 1.257496e+00 	 3.890357e-01 
3.361620e-01 	 1.256572e+00 	 3.876584e-01 
3.384531e-01 	 1.255638e+00 	 3.862557e-01 
3.407598e-01 	 1.254693e+00 	 3.848349e-01 
3.430822e-01 	 1.253738e+00 	 3.833859e-01 
3.454205e-01 	 1.252773e+00 	 3.819169e-01 
3.477747e-01 	 1.251800e+00 	 3.804189e-01 
3.501449e-01 	 1.250815e+00 	 3.789001e-01 
3.525313e-01 	 1.249815e+00 	 3.773500e-01 
3.549339e-01 	 1.248792e+00 	 3.757758e-01 
3.573529e-01 	 1.247742e+00 	 3.741662e-01 
3.597884e-01 	 1.246656e+00 	 3.725272e-01 
3.622405e-01 	 1.245529e+00 	 3.708463e-01 
3.647094e-01 	 1.244351e+00 	 3.691282e-01 
3.671950e-01 	 1.243120e+00 	 3.673600e-01 
3.696976e-01 	 1.241833e+00 	 3.655477e-01 
3.722172e-01 	 1.240489e+00 	 3.636787e-01 
3.747540e-01 	 1.239084e+00 	 3.617586e-01 
3.773081e-01 	 1.237619e+00 	 3.597750e-01 
3.798796e-01 	 1.236088e+00 	 3.577333e-01 
3.824687e-01 	 1.234497e+00 	 3.556222e-01 
3.850754e-01 	 1.232873e+00 	 3.534569e-01 
3.876998e-01 	 1.231263e+00 	 3.512385e-01 
3.903421e-01 	 1.229718e+00 	 3.489877e-01 
3.930025e-01 	 1.228292e+00 	 3.467082e-01 
3.956809e-01 	 1.227044e+00 	 3.444242e-01 
3.983777e-01 	 1.226041e+00 	 3.421442e-01 
4.010928e-01 	 1.225325e+00 	 3.398900e-01 
4.038264e-01 	 1.224837e+00 	 3.376380e-01 
4.065786e-01 	 1.224484e+00 	 3.353769e-01 
4.093496e-01 	 1.224170e+00 	 3.330776e-01 
4.121395e-01 	 1.223787e+00 	 3.307282e-01 
4.149484e-01 	 1.223221e+00 	 3.282969e-01 
4.177764e-01 	 1.222345e+00 	 3.257676e-01 
4.206238e-01 	 1.221089e+00 	 3.231191e-01 
4.234905e-01 	 1.219501e+00 	 3.203792e-01 
4.263767e-01 	 1.217655e+00 	 3.175592e-01 
4.292827e-01 	 1.215621e+00 	 3.146873e-01 
4.322084e-01 	 1.213480e+00 	 3.117727e-01 
4.351541e-01 	 1.211316e+00 	 3.088429e-01 
4.381198e-01 	 1.209217e+00 	 3.059076e-01 
4.411058e-01 	 1.207221e+00 	 3.029817e-01 
4.441121e-01 	 1.205303e+00 	 3.000473e-01 
4.471389e-01 	 1.203434e+00 	 2.971046e-01 
4.501864e-01 	 1.201585e+00 	 2.941356e-01 
4.532546e-01 	 1.199724e+00 	 2.911408e-01 
4.563437e-01 	 1.197818e+00 	 2.881019e-01 
4.594538e-01 	 1.195834e+00 	 2.850192e-01 
4.625852e-01 	 1.193774e+00 	 2.818832e-01 
4.657379e-01 	 1.191663e+00 	 2.787081e-01 
4.689121e-01 	 1.189530e+00 	 2.754910e-01 
4.721079e-01 	 1.187403e+00 	 2.722477e-01 
4.753255e-01 	 1.185318e+00 	 2.689771e-01 
4.785651e-01 	 1.183308e+00 	 2.656967e-01 
4.818267e-01 	 1.181405e+00 	 2.624045e-01 
4.851105e-01 	 1.179591e+00 	 2.591066e-01 
4.884168e-01 	 1.177834e+00 	 2.557874e-01 
4.917455e-01 	 1.176098e+00 	 2.524501e-01 
4.950970e-01 	 1.174347e+00 	 2.490804e-01 
4.984713e-01 	 1.172539e+00 	 2.456830e-01 
5.018685e-01 	 1.170636e+00 	 2.422443e-01 
5.052890e-01 	 1.168604e+00 	 2.387716e-01 
5.087327e-01 	 1.166460e+00 	 2.352618e-01 
5.121999e-01 	 1.164223e+00 	 2.317293e-01 
5.156908e-01 	 1.161915e+00 	 2.281684e-01 
5.192054e-01 	 1.159559e+00 	 2.245900e-01 
5.227440e-01 	 1.157180e+00 	 2.209862e-01 
5.263067e-01 	 1.154804e+00 	 2.173677e-01 
5.298937e-01 	 1.152451e+00 	 2.137270e-01 
5.335052e-01 	 1.150126e+00 	 2.100734e-01 
5.371412e-01 	 1.147837e+00 	 2.063994e-01 
5.408021e-01 	 1.145592e+00 	 2.027162e-01 
5.444879e-01 	 1.143400e+00 	 1.990169e-01 
5.481988e-01 	 1.141271e+00 	 1.953127e-01 
5.519350e-01 	 1.139217e+00 	 1.915970e-01 
5.556966e-01 	 1.137213e+00 	 1.878769e-01 
5.594839e-01 	 1.135203e+00 	 1.841382e-01 
5.632970e-01 	 1.133126e+00 	 1.803866e-01 
5.671361e-01 	 1.130918e+00 	 1.766104e-01 
5.710014e-01 	 1.128508e+00 	 1.728144e-01 
5.748930e-01 	 1.125819e+00 	 1.689821e-01 
5.788111e-01 	 1.122779e+00 	 1.651120e-01 
5.827560e-01 	 1.119433e+00 	 1.611968e-01 
5.867277e-01 	 1.115879e+00 	 1.572503e-01 
5.907265e-01 	 1.112220e+00 	 1.532650e-01 
5.947525e-01 	 1.108563e+00 	 1.492503e-01 
5.988060e-01 	 1.105026e+00 	 1.451982e-01 
6.028871e-01 	 1.101731e+00 	 1.411205e-01 
6.069960e-01 	 1.098777e+00 	 1.370098e-01 
6.111329e-01 	 1.096124e+00 	 1.328625e-01 
6.152981e-01 	 1.093700e+00 	 1.286587e-01 
6.194916e-01 	 1.091430e+00 	 1.244024e-01 
6.237137e-01 	 1.089238e+00 	 1.200850e-01 
6.279645e-01 	 1.087045e+00 	 1.157187e-01 
6.322443e-01 	 1.084766e+00 	 1.112986e-01 
6.365534e-01 	 1.082343e+00 	 1.068396e-01 
6.408917e-01 	 1.079790e+00 	 1.023430e-01 
6.452597e-01 	 1.077129e+00 	 9.782552e-02 
6.496574e-01 	 1.074380e+00 	 9.328405e-02 
6.540850e-01 	 1.071565e+00 	 8.873222e-02 
6.585429e-01 	 1.068708e+00 	 8.416571e-02 
6.630311e-01 	 1.065830e+00 	 7.959700e-02 
6.675500e-01 	 1.062945e+00 	 7.501894e-02 
6.720996e-01 	 1.060049e+00 	 7.043971e-02 
6.766802e-01 	 1.057143e+00 	 6.584976e-02 
6.812921e-01 	 1.054223e+00 	 6.125765e-02 
6.859354e-01 	 1.051288e+00 	 5.665571e-02 
6.906103e-01 	 1.048337e+00 	 5.205431e-02 
6.953171e-01 	 1.045369e+00 	 4.744613e-02 
7.000559e-01 	 1.042382e+00 	 4.284016e-02 
7.048271e-01 	 1.039373e+00 	 3.822743e-02 
7.096308e-01 	 1.036340e+00 	 3.361666e-02 
7.144672e-01 	 1.033279e+00 	 2.900075e-02 
7.193366e-01 	 1.030189e+00 	 2.439094e-02 
7.242392e-01 	 1.027067e+00 	 1.978128e-02 
7.291751e-01 	 1.023910e+00 	 1.518134e-02 
7.341448e-01 	 1.020719e+00 	 1.058161e-02 
7.391483e-01 	 1.017497e+00 	 5.988197e-03 
7.441859e-01 	 1.014246e+00 	 1.390322e-03 
7.492578e-01 	 1.010968e+00 	 -3.205015e-03 
7.543643e-01 	 1.007666e+00 	 -7.807145e-03 
7.595056e-01 	 1.004343e+00 	 -1.240895e-02 
7.646819e-01 	 1.001003e+00 	 -1.702093e-02 
7.698935e-01 	 9.976555e-01 	 -2.163715e-02 
7.751407e-01 	 9.943134e-01 	 -2.626788e-02 
7.804236e-01 	 9.909884e-01 	 -3.090612e-02 
7.857425e-01 	 9.876955e-01 	 -3.556192e-02 
7.910976e-01 	 9.844489e-01 	 -4.023001e-02 
7.964893e-01 	 9.812668e-01 	 -4.492245e-02 
8.019177e-01 	 9.781515e-01 	 -4.963289e-02 
8.073831e-01 	 9.750851e-01 	 -5.436677e-02 
8.128857e-01 	 9.720456e-01 	 -5.910931e-02 
8.184259e-01 	 9.690128e-01 	 -6.386065e-02 
8.240038e-01 	 9.659630e-01 	 -6.860551e-02 
8.296197e-01 	 9.628726e-01 	 -7.334647e-02 
8.352739e-01 	 9.597146e-01 	 -7.806988e-02 
8.409666e-01 	 9.564818e-01 	 -8.277847e-02 
8.466982e-01 	 9.531808e-01 	 -8.745970e-02 
8.524687e-01 	 9.498199e-01 	 -9.211896e-02 
8.582787e-01 	 9.464039e-01 	 -9.674854e-02 
8.641282e-01 	 9.429388e-01 	 -1.013587e-01 
8.700176e-01 	 9.394276e-01 	 -1.059435e-01 
8.759471e-01 	 9.358763e-01 	 -1.105123e-01 
8.819170e-01 	 9.322947e-01 	 -1.150601e-01 
8.879277e-01 	 9.286982e-01 	 -1.196000e-01 
8.939792e-01 	 9.251009e-01 	 -1.241309e-01 
9.000721e-01 	 9.215209e-01 	 -1.286668e-01 
9.062064e-01 	 9.179764e-01 	 -1.332046e-01 
9.123826e-01 	 9.144903e-01 	 -1.377565e-01 
9.186009e-01 	 9.110780e-01 	 -1.423183e-01 
9.248615e-01 	 9.077259e-01 	 -1.468963e-01 
9.311648e-01 	 9.044107e-01 	 -1.514769e-01 
9.375111e-01 	 9.011119e-01 	 -1.560597e-01 
9.439006e-01 	 8.978063e-01 	 -1.606276e-01 
9.503336e-01 	 8.944711e-01 	 -1.651791e-01 
9.568106e-01 	 8.910797e-01 	 -1.696964e-01 
9.633316e-01 	 8.876182e-01 	 -1.741783e-01 
9.698971e-01 	 8.840961e-01 	 -1.786138e-01 
9.765073e-01 	 8.805276e-01 	 -1.830107e-01 
9.831626e-01 	 8.769238e-01 	 -1.873650e-01 
9.898633e-01 	 8.732975e-01 	 -1.916889e-01 
9.966096e-01 	 8.696600e-01 	 -1.959782e-01 
