1.003402e-02 	 5.229531e-01 	 1.920581e-02 
1.010241e-02 	 5.218158e-01 	 1.950538e-02 
1.017126e-02 	 5.205961e-01 	 1.958825e-02 
1.024058e-02 	 5.194911e-01 	 1.988975e-02 
1.031037e-02 	 5.183066e-01 	 1.997881e-02 
1.038064e-02 	 5.172357e-01 	 2.028244e-02 
1.045139e-02 	 5.160874e-01 	 2.037776e-02 
1.052262e-02 	 5.150504e-01 	 2.068366e-02 
1.059434e-02 	 5.139368e-01 	 2.078522e-02 
1.066654e-02 	 5.129327e-01 	 2.109349e-02 
1.073924e-02 	 5.118567e-01 	 2.120147e-02 
1.081243e-02 	 5.108932e-01 	 2.151256e-02 
1.088612e-02 	 5.098610e-01 	 2.162726e-02 
1.096031e-02 	 5.089348e-01 	 2.194120e-02 
1.103501e-02 	 5.079332e-01 	 2.206213e-02 
1.111022e-02 	 5.070308e-01 	 2.237847e-02 
1.118594e-02 	 5.060554e-01 	 2.250547e-02 
1.126218e-02 	 5.051816e-01 	 2.282452e-02 
1.133894e-02 	 5.042413e-01 	 2.295802e-02 
1.141621e-02 	 5.034076e-01 	 2.328045e-02 
1.149402e-02 	 5.025161e-01 	 2.342114e-02 
1.157236e-02 	 5.017311e-01 	 2.374752e-02 
1.165123e-02 	 5.008821e-01 	 2.389520e-02 
1.173064e-02 	 5.001270e-01 	 2.422480e-02 
1.181058e-02 	 4.993040e-01 	 2.437875e-02 
1.189108e-02 	 4.985772e-01 	 2.471160e-02 
1.197212e-02 	 4.977904e-01 	 2.487235e-02 
1.205372e-02 	 4.971004e-01 	 2.520902e-02 
1.213587e-02 	 4.963477e-01 	 2.537653e-02 
1.221858e-02 	 4.956849e-01 	 2.571666e-02 
1.230185e-02 	 4.949616e-01 	 2.589073e-02 
1.238569e-02 	 4.943358e-01 	 2.623495e-02 
1.247011e-02 	 4.936613e-01 	 2.641668e-02 
1.255510e-02 	 4.930838e-01 	 2.676575e-02 
1.264066e-02 	 4.924479e-01 	 2.695468e-02 
1.272682e-02 	 4.918952e-01 	 2.730748e-02 
1.281355e-02 	 4.912844e-01 	 2.750292e-02 
1.290088e-02 	 4.907675e-01 	 2.786017e-02 
1.298881e-02 	 4.902069e-01 	 2.806360e-02 
1.307733e-02 	 4.897394e-01 	 2.842623e-02 
1.316646e-02 	 4.892166e-01 	 2.863704e-02 
1.325619e-02 	 4.887725e-01 	 2.900369e-02 
1.334654e-02 	 4.882725e-01 	 2.922104e-02 
1.343750e-02 	 4.878601e-01 	 2.959230e-02 
1.352909e-02 	 4.874037e-01 	 2.981749e-02 
1.362129e-02 	 4.870377e-01 	 3.019438e-02 
1.371413e-02 	 4.866262e-01 	 3.042759e-02 
1.380759e-02 	 4.863009e-01 	 3.080993e-02 
1.390170e-02 	 4.859304e-01 	 3.105101e-02 
1.399644e-02 	 4.856465e-01 	 3.143898e-02 
1.409184e-02 	 4.853190e-01 	 3.168813e-02 
1.418788e-02 	 4.850747e-01 	 3.208177e-02 
1.428457e-02 	 4.847830e-01 	 3.233861e-02 
1.438193e-02 	 4.845696e-01 	 3.273747e-02 
1.447995e-02 	 4.843101e-01 	 3.300179e-02 
1.457863e-02 	 4.841310e-01 	 3.340619e-02 
1.467799e-02 	 4.839106e-01 	 3.367853e-02 
1.477803e-02 	 4.837744e-01 	 3.408920e-02 
1.487875e-02 	 4.836034e-01 	 3.437035e-02 
1.498015e-02 	 4.835177e-01 	 3.478796e-02 
1.508225e-02 	 4.833920e-01 	 3.507775e-02 
1.518504e-02 	 4.833394e-01 	 3.550119e-02 
1.528853e-02 	 4.832408e-01 	 3.579834e-02 
1.539273e-02 	 4.832185e-01 	 3.622749e-02 
1.549764e-02 	 4.831620e-01 	 3.653314e-02 
1.560326e-02 	 4.831889e-01 	 3.696953e-02 
1.570960e-02 	 4.831831e-01 	 3.728442e-02 
1.581667e-02 	 4.832568e-01 	 3.772800e-02 
1.592447e-02 	 4.832967e-01 	 3.805184e-02 
1.603300e-02 	 4.834159e-01 	 3.850263e-02 
1.614227e-02 	 4.835038e-01 	 3.883568e-02 
1.625229e-02 	 4.836700e-01 	 3.929395e-02 
1.636305e-02 	 4.838017e-01 	 3.963593e-02 
1.647457e-02 	 4.840054e-01 	 4.010100e-02 
1.658685e-02 	 4.841734e-01 	 4.045134e-02 
1.669990e-02 	 4.844161e-01 	 4.092341e-02 
1.681372e-02 	 4.846297e-01 	 4.128293e-02 
1.692831e-02 	 4.849212e-01 	 4.176292e-02 
1.704368e-02 	 4.851847e-01 	 4.213202e-02 
1.715984e-02 	 4.855242e-01 	 4.261997e-02 
1.727679e-02 	 4.858355e-01 	 4.299855e-02 
1.739454e-02 	 4.862217e-01 	 4.349443e-02 
1.751309e-02 	 4.865800e-01 	 4.388246e-02 
1.763245e-02 	 4.870120e-01 	 4.438627e-02 
1.775262e-02 	 4.874160e-01 	 4.478365e-02 
1.787361e-02 	 4.878925e-01 	 4.529534e-02 
1.799543e-02 	 4.883444e-01 	 4.570232e-02 
1.811808e-02 	 4.888750e-01 	 4.622286e-02 
1.824156e-02 	 4.893885e-01 	 4.664074e-02 
1.836588e-02 	 4.899784e-01 	 4.717071e-02 
1.849105e-02 	 4.905405e-01 	 4.759833e-02 
1.861708e-02 	 4.911667e-01 	 4.813557e-02 
1.874396e-02 	 4.917652e-01 	 4.857171e-02 
1.887171e-02 	 4.924394e-01 	 4.911736e-02 
1.900033e-02 	 4.930997e-01 	 4.956451e-02 
1.912982e-02 	 4.938385e-01 	 5.012031e-02 
1.926020e-02 	 4.945579e-01 	 5.057823e-02 
1.939146e-02 	 4.953480e-01 	 5.114287e-02 
1.952363e-02 	 4.961156e-01 	 5.161046e-02 
1.965669e-02 	 4.969533e-01 	 5.218357e-02 
1.979066e-02 	 4.977706e-01 	 5.266093e-02 
1.992554e-02 	 4.986633e-01 	 5.324327e-02 
2.006134e-02 	 4.995454e-01 	 5.373198e-02 
2.019806e-02 	 5.005091e-01 	 5.432531e-02 
2.033572e-02 	 5.014578e-01 	 5.482556e-02 
2.047432e-02 	 5.024728e-01 	 5.542777e-02 
2.061386e-02 	 5.034620e-01 	 5.593667e-02 
2.075435e-02 	 5.045208e-01 	 5.654686e-02 
2.089580e-02 	 5.055696e-01 	 5.706641e-02 
2.103821e-02 	 5.067004e-01 	 5.768769e-02 
2.118160e-02 	 5.078232e-01 	 5.821949e-02 
2.132596e-02 	 5.090212e-01 	 5.885133e-02 
2.147130e-02 	 5.102046e-01 	 5.939381e-02 
2.161764e-02 	 5.114570e-01 	 6.003469e-02 
2.176497e-02 	 5.126904e-01 	 6.058648e-02 
2.191331e-02 	 5.139919e-01 	 6.123565e-02 
2.206266e-02 	 5.152843e-01 	 6.179768e-02 
2.221302e-02 	 5.166602e-01 	 6.245808e-02 
2.236441e-02 	 5.180373e-01 	 6.303332e-02 
2.251684e-02 	 5.194926e-01 	 6.370552e-02 
2.267030e-02 	 5.209362e-01 	 6.429173e-02 
2.282481e-02 	 5.224484e-01 	 6.497288e-02 
2.298037e-02 	 5.239484e-01 	 6.556863e-02 
2.313699e-02 	 5.255205e-01 	 6.625895e-02 
2.329467e-02 	 5.270836e-01 	 6.686488e-02 
2.345344e-02 	 5.287187e-01 	 6.756461e-02 
2.361328e-02 	 5.303448e-01 	 6.818051e-02 
2.377422e-02 	 5.320462e-01 	 6.888988e-02 
2.393625e-02 	 5.337490e-01 	 6.951736e-02 
2.409938e-02 	 5.355394e-01 	 7.023917e-02 
2.426363e-02 	 5.373324e-01 	 7.087982e-02 
2.442900e-02 	 5.391951e-01 	 7.161180e-02 
2.459549e-02 	 5.410367e-01 	 7.225995e-02 
2.476312e-02 	 5.429402e-01 	 7.299763e-02 
2.493189e-02 	 5.448391e-01 	 7.365410e-02 
2.510181e-02 	 5.468235e-01 	 7.440263e-02 
2.527289e-02 	 5.488151e-01 	 7.507198e-02 
2.544513e-02 	 5.508859e-01 	 7.583191e-02 
2.561855e-02 	 5.529527e-01 	 7.651155e-02 
2.579315e-02 	 5.550933e-01 	 7.728041e-02 
2.596894e-02 	 5.572332e-01 	 7.796979e-02 
2.614593e-02 	 5.594514e-01 	 7.874841e-02 
2.632413e-02 	 5.616699e-01 	 7.944802e-02 
2.650354e-02 	 5.639625e-01 	 8.023571e-02 
2.668417e-02 	 5.662508e-01 	 8.094405e-02 
2.686603e-02 	 5.686127e-01 	 8.173980e-02 
2.704914e-02 	 5.709750e-01 	 8.245713e-02 
2.723349e-02 	 5.734161e-01 	 8.326208e-02 
2.741909e-02 	 5.758624e-01 	 8.398957e-02 
2.760597e-02 	 5.783910e-01 	 8.480469e-02 
2.779411e-02 	 5.809266e-01 	 8.554287e-02 
2.798354e-02 	 5.835380e-01 	 8.636722e-02 
2.817426e-02 	 5.861420e-01 	 8.711271e-02 
2.836628e-02 	 5.888089e-01 	 8.794197e-02 
2.855961e-02 	 5.914709e-01 	 8.869287e-02 
2.875425e-02 	 5.942116e-01 	 8.952941e-02 
2.895022e-02 	 5.969622e-01 	 9.029001e-02 
2.914753e-02 	 5.997930e-01 	 9.113606e-02 
2.934618e-02 	 6.026242e-01 	 9.190491e-02 
2.954619e-02 	 6.055264e-01 	 9.275739e-02 
2.974756e-02 	 6.084277e-01 	 9.353258e-02 
2.995030e-02 	 6.114040e-01 	 9.439165e-02 
3.015442e-02 	 6.143814e-01 	 9.517387e-02 
3.035994e-02 	 6.174275e-01 	 9.603860e-02 
3.056685e-02 	 6.204620e-01 	 9.682465e-02 
3.077518e-02 	 6.235564e-01 	 9.769149e-02 
3.098492e-02 	 6.266439e-01 	 9.848046e-02 
3.119610e-02 	 6.298050e-01 	 9.935203e-02 
3.140871e-02 	 6.329699e-01 	 1.001476e-01 
3.162278e-02 	 6.362095e-01 	 1.010256e-01 
3.183830e-02 	 6.394482e-01 	 1.018270e-01 
3.205529e-02 	 6.427570e-01 	 1.027099e-01 
3.227376e-02 	 6.460625e-01 	 1.035160e-01 
3.249372e-02 	 6.494365e-01 	 1.044032e-01 
3.271518e-02 	 6.528082e-01 	 1.052138e-01 
3.293814e-02 	 6.562535e-01 	 1.061062e-01 
3.316263e-02 	 6.597033e-01 	 1.069232e-01 
3.338865e-02 	 6.632159e-01 	 1.078203e-01 
3.361620e-02 	 6.666902e-01 	 1.086352e-01 
3.384531e-02 	 6.701726e-01 	 1.095211e-01 
3.407598e-02 	 6.736443e-01 	 1.103295e-01 
3.430822e-02 	 6.772916e-01 	 1.112362e-01 
3.454205e-02 	 6.811590e-01 	 1.121038e-01 
3.477747e-02 	 6.853390e-01 	 1.130927e-01 
3.501449e-02 	 6.897180e-01 	 1.140397e-01 
3.525313e-02 	 6.943200e-01 	 1.150940e-01 
3.549339e-02 	 6.990205e-01 	 1.160902e-01 
3.573529e-02 	 7.038322e-01 	 1.171757e-01 
3.597884e-02 	 7.086176e-01 	 1.181825e-01 
3.622405e-02 	 7.133761e-01 	 1.192560e-01 
3.647094e-02 	 7.179594e-01 	 1.202260e-01 
3.671950e-02 	 7.224180e-01 	 1.212464e-01 
3.696976e-02 	 7.267071e-01 	 1.221643e-01 
3.722172e-02 	 7.309313e-01 	 1.231426e-01 
3.747540e-02 	 7.350546e-01 	 1.240302e-01 
3.773081e-02 	 7.391896e-01 	 1.249914e-01 
3.798796e-02 	 7.433085e-01 	 1.258766e-01 
3.824687e-02 	 7.475269e-01 	 1.268507e-01 
3.850754e-02 	 7.517782e-01 	 1.277577e-01 
3.876998e-02 	 7.561220e-01 	 1.287531e-01 
3.903421e-02 	 7.604721e-01 	 1.296775e-01 
3.930025e-02 	 7.648850e-01 	 1.306859e-01 
3.956809e-02 	 7.692716e-01 	 1.316185e-01 
3.983777e-02 	 7.736852e-01 	 1.326296e-01 
4.010928e-02 	 7.780371e-01 	 1.335593e-01 
4.038264e-02 	 7.823961e-01 	 1.345649e-01 
4.065786e-02 	 7.866902e-01 	 1.354893e-01 
4.093496e-02 	 7.909917e-01 	 1.364902e-01 
4.121395e-02 	 7.952292e-01 	 1.374109e-01 
4.149484e-02 	 7.994754e-01 	 1.384090e-01 
4.177764e-02 	 8.036593e-01 	 1.393279e-01 
4.206238e-02 	 8.078526e-01 	 1.403251e-01 
4.234905e-02 	 8.119793e-01 	 1.412432e-01 
4.263767e-02 	 8.161071e-01 	 1.422389e-01 
4.292827e-02 	 8.201594e-01 	 1.431548e-01 
4.322084e-02 	 8.242033e-01 	 1.441474e-01 
4.351541e-02 	 8.281618e-01 	 1.450593e-01 
4.381198e-02 	 8.321016e-01 	 1.460467e-01 
4.411058e-02 	 8.359460e-01 	 1.469525e-01 
4.441121e-02 	 8.397633e-01 	 1.479331e-01 
4.471389e-02 	 8.434778e-01 	 1.488316e-01 
4.501864e-02 	 8.471574e-01 	 1.498039e-01 
4.532546e-02 	 8.507266e-01 	 1.506938e-01 
4.563437e-02 	 8.542530e-01 	 1.516565e-01 
4.594538e-02 	 8.576612e-01 	 1.525361e-01 
4.625852e-02 	 8.610185e-01 	 1.534876e-01 
4.657379e-02 	 8.642495e-01 	 1.543552e-01 
4.689121e-02 	 8.674215e-01 	 1.552934e-01 
4.721079e-02 	 8.704591e-01 	 1.561469e-01 
4.753255e-02 	 8.734294e-01 	 1.570697e-01 
4.785651e-02 	 8.762573e-01 	 1.579069e-01 
4.818267e-02 	 8.790096e-01 	 1.588119e-01 
4.851105e-02 	 8.816124e-01 	 1.596303e-01 
4.884168e-02 	 8.841329e-01 	 1.605150e-01 
4.917455e-02 	 8.864977e-01 	 1.613125e-01 
4.950970e-02 	 8.887741e-01 	 1.621747e-01 
4.984713e-02 	 8.908894e-01 	 1.629487e-01 
5.018685e-02 	 8.929106e-01 	 1.637858e-01 
5.052890e-02 	 8.947653e-01 	 1.645339e-01 
5.087327e-02 	 8.965186e-01 	 1.653428e-01 
5.121999e-02 	 8.980971e-01 	 1.660609e-01 
5.156908e-02 	 8.995655e-01 	 1.668372e-01 
5.192054e-02 	 9.008509e-01 	 1.675209e-01 
5.227440e-02 	 9.020175e-01 	 1.682597e-01 
5.263067e-02 	 9.029934e-01 	 1.689041e-01 
5.298937e-02 	 9.038454e-01 	 1.696011e-01 
5.335052e-02 	 9.045098e-01 	 1.702035e-01 
5.371412e-02 	 9.050585e-01 	 1.708582e-01 
5.408021e-02 	 9.054299e-01 	 1.714196e-01 
5.444879e-02 	 9.056967e-01 	 1.720334e-01 
5.481988e-02 	 9.057989e-01 	 1.725554e-01 
5.519350e-02 	 9.058102e-01 	 1.731303e-01 
5.556966e-02 	 9.056759e-01 	 1.736160e-01 
5.594839e-02 	 9.054768e-01 	 1.741574e-01 
5.632970e-02 	 9.051635e-01 	 1.746147e-01 
5.671361e-02 	 9.048183e-01 	 1.751316e-01 
5.710014e-02 	 9.043944e-01 	 1.755703e-01 
5.748930e-02 	 9.039752e-01 	 1.760736e-01 
5.788111e-02 	 9.035162e-01 	 1.765052e-01 
5.827560e-02 	 9.030938e-01 	 1.770054e-01 
5.867277e-02 	 9.026553e-01 	 1.774377e-01 
5.907265e-02 	 9.022746e-01 	 1.779405e-01 
5.947525e-02 	 9.019005e-01 	 1.783791e-01 
5.988060e-02 	 9.016075e-01 	 1.788906e-01 
6.028871e-02 	 9.013465e-01 	 1.793421e-01 
6.069960e-02 	 9.011918e-01 	 1.798694e-01 
6.111329e-02 	 9.010911e-01 	 1.803402e-01 
6.152981e-02 	 9.011146e-01 	 1.808885e-01 
6.194916e-02 	 9.012107e-01 	 1.813832e-01 
6.237137e-02 	 9.014500e-01 	 1.819574e-01 
6.279645e-02 	 9.017827e-01 	 1.824814e-01 
6.322443e-02 	 9.022802e-01 	 1.830876e-01 
6.365534e-02 	 9.028938e-01 	 1.836474e-01 
6.408917e-02 	 9.036931e-01 	 1.842921e-01 
6.452597e-02 	 9.046293e-01 	 1.848940e-01 
6.496574e-02 	 9.057729e-01 	 1.855838e-01 
6.540850e-02 	 9.070768e-01 	 1.862351e-01 
6.585429e-02 	 9.086132e-01 	 1.869782e-01 
6.630311e-02 	 9.103368e-01 	 1.876877e-01 
6.675500e-02 	 9.123147e-01 	 1.884926e-01 
6.720996e-02 	 9.144892e-01 	 1.892654e-01 
6.766802e-02 	 9.169198e-01 	 1.901331e-01 
6.812921e-02 	 9.195487e-01 	 1.909687e-01 
6.859354e-02 	 9.224352e-01 	 1.918989e-01 
6.906103e-02 	 9.255214e-01 	 1.927968e-01 
6.953171e-02 	 9.288662e-01 	 1.937893e-01 
7.000559e-02 	 9.324058e-01 	 1.947481e-01 
7.048271e-02 	 9.361896e-01 	 1.957983e-01 
7.096308e-02 	 9.401484e-01 	 1.968106e-01 
7.144672e-02 	 9.443293e-01 	 1.979096e-01 
7.193366e-02 	 9.486603e-01 	 1.989655e-01 
7.242392e-02 	 9.531854e-01 	 2.001026e-01 
7.291751e-02 	 9.578305e-01 	 2.011903e-01 
7.341448e-02 	 9.626462e-01 	 2.023549e-01 
7.391483e-02 	 9.675669e-01 	 2.034674e-01 
7.441859e-02 	 9.726443e-01 	 2.046548e-01 
7.492578e-02 	 9.778105e-01 	 2.057873e-01 
7.543643e-02 	 9.831151e-01 	 2.069923e-01 
7.595056e-02 	 9.884875e-01 	 2.081389e-01 
7.646819e-02 	 9.939763e-01 	 2.093551e-01 
7.698935e-02 	 9.995136e-01 	 2.105102e-01 
7.751407e-02 	 1.005151e+00 	 2.117337e-01 
7.804236e-02 	 1.010820e+00 	 2.128940e-01 
7.857425e-02 	 1.016569e+00 	 2.141211e-01 
7.910976e-02 	 1.022326e+00 	 2.152823e-01 
7.964893e-02 	 1.028140e+00 	 2.165082e-01 
8.019177e-02 	 1.033936e+00 	 2.176652e-01 
8.073831e-02 	 1.039765e+00 	 2.188855e-01 
8.128857e-02 	 1.045555e+00 	 2.200350e-01 
8.184259e-02 	 1.051355e+00 	 2.212467e-01 
8.240038e-02 	 1.057090e+00 	 2.223853e-01 
8.296197e-02 	 1.062807e+00 	 2.235841e-01 
8.352739e-02 	 1.068427e+00 	 2.247067e-01 
8.409666e-02 	 1.074002e+00 	 2.258882e-01 
8.466982e-02 	 1.079462e+00 	 2.269933e-01 
8.524687e-02 	 1.084864e+00 	 2.281590e-01 
8.582787e-02 	 1.090137e+00 	 2.292492e-01 
8.641282e-02 	 1.095338e+00 	 2.304015e-01 
8.700176e-02 	 1.100395e+00 	 2.314789e-01 
8.759471e-02 	 1.105365e+00 	 2.326200e-01 
8.819170e-02 	 1.110181e+00 	 2.336880e-01 
8.879277e-02 	 1.114907e+00 	 2.348233e-01 
8.939792e-02 	 1.119477e+00 	 2.358891e-01 
9.000721e-02 	 1.123958e+00 	 2.370268e-01 
9.062064e-02 	 1.128286e+00 	 2.380988e-01 
9.123826e-02 	 1.132527e+00 	 2.392474e-01 
9.186009e-02 	 1.136619e+00 	 2.403345e-01 
9.248615e-02 	 1.140624e+00 	 2.415020e-01 
9.311648e-02 	 1.144476e+00 	 2.426100e-01 
9.375111e-02 	 1.148237e+00 	 2.438011e-01 
9.439006e-02 	 1.151841e+00 	 2.449346e-01 
9.503336e-02 	 1.155351e+00 	 2.461533e-01 
9.568106e-02 	 1.158702e+00 	 2.473161e-01 
9.633316e-02 	 1.161957e+00 	 2.485663e-01 
9.698971e-02 	 1.165051e+00 	 2.497622e-01 
9.765073e-02 	 1.168049e+00 	 2.510473e-01 
9.831626e-02 	 1.170887e+00 	 2.522795e-01 
9.898633e-02 	 1.173632e+00 	 2.536028e-01 
9.966096e-02 	 1.176217e+00 	 2.548745e-01 
1.003402e-01 	 1.178713e+00 	 2.562390e-01 
1.010241e-01 	 1.181052e+00 	 2.575524e-01 
1.017126e-01 	 1.183294e+00 	 2.589576e-01 
1.024058e-01 	 1.185367e+00 	 2.603090e-01 
1.031037e-01 	 1.187332e+00 	 2.617494e-01 
1.038064e-01 	 1.189116e+00 	 2.631326e-01 
1.045139e-01 	 1.190779e+00 	 2.646013e-01 
1.052262e-01 	 1.192251e+00 	 2.660091e-01 
1.059434e-01 	 1.193606e+00 	 2.675018e-01 
1.066654e-01 	 1.194798e+00 	 2.689382e-01 
1.073924e-01 	 1.195915e+00 	 2.704669e-01 
1.081243e-01 	 1.196914e+00 	 2.719476e-01 
1.088612e-01 	 1.197890e+00 	 2.735299e-01 
1.096031e-01 	 1.198802e+00 	 2.750744e-01 
1.103501e-01 	 1.199743e+00 	 2.767305e-01 
1.111022e-01 	 1.200640e+00 	 2.783507e-01 
1.118594e-01 	 1.201539e+00 	 2.800739e-01 
1.126218e-01 	 1.202351e+00 	 2.817485e-01 
1.133894e-01 	 1.203121e+00 	 2.835122e-01 
1.141621e-01 	 1.203755e+00 	 2.852124e-01 
1.149402e-01 	 1.204295e+00 	 2.869855e-01 
1.157236e-01 	 1.204656e+00 	 2.886801e-01 
1.165123e-01 	 1.204921e+00 	 2.904425e-01 
1.173064e-01 	 1.205047e+00 	 2.921314e-01 
1.181058e-01 	 1.205128e+00 	 2.938956e-01 
1.189108e-01 	 1.205127e+00 	 2.955951e-01 
1.197212e-01 	 1.205141e+00 	 2.973801e-01 
1.205372e-01 	 1.205139e+00 	 2.991119e-01 
1.213587e-01 	 1.205209e+00 	 3.009389e-01 
1.221858e-01 	 1.205286e+00 	 3.027147e-01 
1.230185e-01 	 1.205438e+00 	 3.045820e-01 
1.238569e-01 	 1.205597e+00 	 3.063939e-01 
1.247011e-01 	 1.205830e+00 	 3.082932e-01 
1.255510e-01 	 1.206070e+00 	 3.101331e-01 
1.264066e-01 	 1.206383e+00 	 3.120565e-01 
1.272682e-01 	 1.206708e+00 	 3.139178e-01 
1.281355e-01 	 1.207120e+00 	 3.158625e-01 
1.290088e-01 	 1.207562e+00 	 3.177467e-01 
1.298881e-01 	 1.208112e+00 	 3.197167e-01 
1.307733e-01 	 1.208715e+00 	 3.216292e-01 
1.316646e-01 	 1.209449e+00 	 3.236316e-01 
1.325619e-01 	 1.210260e+00 	 3.255809e-01 
1.334654e-01 	 1.211218e+00 	 3.276224e-01 
1.343750e-01 	 1.212251e+00 	 3.296089e-01 
1.352909e-01 	 1.213423e+00 	 3.316846e-01 
1.362129e-01 	 1.214662e+00 	 3.337017e-01 
1.371413e-01 	 1.216030e+00 	 3.358051e-01 
1.380759e-01 	 1.217455e+00 	 3.378465e-01 
1.390170e-01 	 1.218998e+00 	 3.399710e-01 
1.399644e-01 	 1.220586e+00 	 3.420299e-01 
1.409184e-01 	 1.222281e+00 	 3.441694e-01 
1.418788e-01 	 1.224008e+00 	 3.462398e-01 
1.428457e-01 	 1.225829e+00 	 3.483876e-01 
1.438193e-01 	 1.227667e+00 	 3.504624e-01 
1.447995e-01 	 1.229582e+00 	 3.526109e-01 
1.457863e-01 	 1.231497e+00 	 3.546819e-01 
1.467799e-01 	 1.233475e+00 	 3.568237e-01 
1.477803e-01 	 1.235440e+00 	 3.588849e-01 
1.487875e-01 	 1.237457e+00 	 3.610145e-01 
1.498015e-01 	 1.239446e+00 	 3.630600e-01 
1.508225e-01 	 1.241471e+00 	 3.651706e-01 
1.518504e-01 	 1.243451e+00 	 3.671927e-01 
1.528853e-01 	 1.245451e+00 	 3.692765e-01 
1.539273e-01 	 1.247394e+00 	 3.712685e-01 
1.549764e-01 	 1.249345e+00 	 3.733207e-01 
1.560326e-01 	 1.251229e+00 	 3.752785e-01 
1.570960e-01 	 1.253110e+00 	 3.772942e-01 
1.581667e-01 	 1.254910e+00 	 3.792123e-01 
1.592447e-01 	 1.256694e+00 	 3.811857e-01 
1.603300e-01 	 1.258381e+00 	 3.830576e-01 
1.614227e-01 	 1.260038e+00 	 3.849820e-01 
1.625229e-01 	 1.261583e+00 	 3.868009e-01 
1.636305e-01 	 1.263082e+00 	 3.886686e-01 
1.647457e-01 	 1.264452e+00 	 3.904259e-01 
1.658685e-01 	 1.265757e+00 	 3.922275e-01 
1.669990e-01 	 1.266914e+00 	 3.939129e-01 
1.681372e-01 	 1.267996e+00 	 3.956402e-01 
1.692831e-01 	 1.268932e+00 	 3.972515e-01 
1.704368e-01 	 1.269798e+00 	 3.989064e-01 
1.715984e-01 	 1.270525e+00 	 4.004463e-01 
1.727679e-01 	 1.271189e+00 	 4.020317e-01 
1.739454e-01 	 1.271722e+00 	 4.035033e-01 
1.751309e-01 	 1.272204e+00 	 4.050221e-01 
1.763245e-01 	 1.272563e+00 	 4.064277e-01 
1.775262e-01 	 1.272880e+00 	 4.078813e-01 
1.787361e-01 	 1.273086e+00 	 4.092218e-01 
1.799543e-01 	 1.273261e+00 	 4.106111e-01 
1.811808e-01 	 1.273337e+00 	 4.118875e-01 
1.824156e-01 	 1.273399e+00 	 4.132139e-01 
1.836588e-01 	 1.273375e+00 	 4.144276e-01 
1.849105e-01 	 1.273347e+00 	 4.156905e-01 
1.861708e-01 	 1.273242e+00 	 4.168384e-01 
1.874396e-01 	 1.273140e+00 	 4.180339e-01 
1.887171e-01 	 1.272970e+00 	 4.191127e-01 
1.900033e-01 	 1.272814e+00 	 4.202381e-01 
1.912982e-01 	 1.272601e+00 	 4.212460e-01 
1.926020e-01 	 1.272413e+00 	 4.223002e-01 
1.939146e-01 	 1.272177e+00 	 4.232353e-01 
1.952363e-01 	 1.271973e+00 	 4.242156e-01 
1.965669e-01 	 1.271729e+00 	 4.250757e-01 
1.979066e-01 	 1.271527e+00 	 4.259807e-01 
1.992554e-01 	 1.271296e+00 	 4.267654e-01 
2.006134e-01 	 1.271118e+00 	 4.275960e-01 
2.019806e-01 	 1.270921e+00 	 4.283062e-01 
2.033572e-01 	 1.270786e+00 	 4.290622e-01 
2.047432e-01 	 1.270639e+00 	 4.296974e-01 
2.061386e-01 	 1.270564e+00 	 4.303789e-01 
2.075435e-01 	 1.270487e+00 	 4.309397e-01 
2.089580e-01 	 1.270493e+00 	 4.315482e-01 
2.103821e-01 	 1.270509e+00 	 4.320369e-01 
2.118160e-01 	 1.270611e+00 	 4.325727e-01 
2.132596e-01 	 1.270719e+00 	 4.329852e-01 
2.147130e-01 	 1.270910e+00 	 4.334414e-01 
2.161764e-01 	 1.271100e+00 	 4.337709e-01 
2.176497e-01 	 1.271367e+00 	 4.341417e-01 
2.191331e-01 	 1.271629e+00 	 4.343830e-01 
2.206266e-01 	 1.271962e+00 	 4.346642e-01 
2.221302e-01 	 1.272283e+00 	 4.348144e-01 
2.236441e-01 	 1.272671e+00 	 4.350044e-01 
2.251684e-01 	 1.273042e+00 	 4.350631e-01 
2.267030e-01 	 1.273473e+00 	 4.351623e-01 
2.282481e-01 	 1.273882e+00 	 4.351304e-01 
2.298037e-01 	 1.274345e+00 	 4.351401e-01 
2.313699e-01 	 1.274780e+00 	 4.350192e-01 
2.329467e-01 	 1.275264e+00 	 4.349412e-01 
2.345344e-01 	 1.275713e+00 	 4.347332e-01 
2.361328e-01 	 1.276205e+00 	 4.345691e-01 
2.377422e-01 	 1.276656e+00 	 4.342751e-01 
2.393625e-01 	 1.277143e+00 	 4.340257e-01 
2.409938e-01 	 1.277582e+00 	 4.336459e-01 
2.426363e-01 	 1.278051e+00 	 4.333115e-01 
2.442900e-01 	 1.278466e+00 	 4.328472e-01 
2.459549e-01 	 1.278907e+00 	 4.324299e-01 
2.476312e-01 	 1.279288e+00 	 4.318839e-01 
2.493189e-01 	 1.279690e+00 	 4.313875e-01 
2.510181e-01 	 1.280028e+00 	 4.307645e-01 
2.527289e-01 	 1.280383e+00 	 4.301944e-01 
2.544513e-01 	 1.280668e+00 	 4.295007e-01 
2.561855e-01 	 1.280964e+00 	 4.288636e-01 
2.579315e-01 	 1.281184e+00 	 4.281056e-01 
2.596894e-01 	 1.281408e+00 	 4.274078e-01 
2.614593e-01 	 1.281548e+00 	 4.265915e-01 
2.632413e-01 	 1.281687e+00 	 4.258377e-01 
2.650354e-01 	 1.281736e+00 	 4.249668e-01 
2.668417e-01 	 1.281779e+00 	 4.241608e-01 
2.686603e-01 	 1.281732e+00 	 4.232395e-01 
2.704914e-01 	 1.281682e+00 	 4.223855e-01 
2.723349e-01 	 1.281543e+00 	 4.214175e-01 
2.741909e-01 	 1.281403e+00 	 4.205185e-01 
2.760597e-01 	 1.281178e+00 	 4.195066e-01 
2.779411e-01 	 1.280955e+00 	 4.185658e-01 
2.798354e-01 	 1.280649e+00 	 4.175134e-01 
2.817426e-01 	 1.280346e+00 	 4.165343e-01 
2.836628e-01 	 1.279961e+00 	 4.154459e-01 
2.855961e-01 	 1.279584e+00 	 4.144345e-01 
2.875425e-01 	 1.279128e+00 	 4.133175e-01 
2.895022e-01 	 1.278683e+00 	 4.122820e-01 
2.914753e-01 	 1.278165e+00 	 4.111444e-01 
2.934618e-01 	 1.277660e+00 	 4.100912e-01 
2.954619e-01 	 1.277082e+00 	 4.089367e-01 
2.974756e-01 	 1.276518e+00 	 4.078670e-01 
2.995030e-01 	 1.275884e+00 	 4.066949e-01 
3.015442e-01 	 1.275266e+00 	 4.056058e-01 
3.035994e-01 	 1.274580e+00 	 4.044112e-01 
3.056685e-01 	 1.273913e+00 	 4.032963e-01 
3.077518e-01 	 1.273178e+00 	 4.020715e-01 
3.098492e-01 	 1.272464e+00 	 4.009231e-01 
3.119610e-01 	 1.271684e+00 	 3.996616e-01 
3.140871e-01 	 1.270928e+00 	 3.984755e-01 
3.162278e-01 	 1.270110e+00 	 3.971761e-01 
3.183830e-01 	 1.269321e+00 	 3.959537e-01 
3.205529e-01 	 1.268472e+00 	 3.946195e-01 
3.227376e-01 	 1.267653e+00 	 3.933642e-01 
3.249372e-01 	 1.266776e+00 	 3.919986e-01 
3.271518e-01 	 1.265930e+00 	 3.907138e-01 
3.293814e-01 	 1.265028e+00 	 3.893193e-01 
3.316263e-01 	 1.264159e+00 	 3.880060e-01 
3.338865e-01 	 1.263236e+00 	 3.865820e-01 
3.361620e-01 	 1.262346e+00 	 3.852375e-01 
3.384531e-01 	 1.261399e+00 	 3.837791e-01 
3.407598e-01 	 1.260485e+00 	 3.823976e-01 
3.430822e-01 	 1.259513e+00 	 3.808996e-01 
3.454205e-01 	 1.258574e+00 	 3.794773e-01 
3.477747e-01 	 1.257577e+00 	 3.779374e-01 
3.501449e-01 	 1.256612e+00 	 3.764726e-01 
3.525313e-01 	 1.255582e+00 	 3.748877e-01 
3.549339e-01 	 1.254572e+00 	 3.733744e-01 
3.573529e-01 	 1.253485e+00 	 3.717360e-01 
3.597884e-01 	 1.252405e+00 	 3.701638e-01 
3.622405e-01 	 1.251234e+00 	 3.684593e-01 
3.647094e-01 	 1.250056e+00 	 3.668131e-01 
3.671950e-01 	 1.248774e+00 	 3.650264e-01 
3.696976e-01 	 1.247479e+00 	 3.632917e-01 
3.722172e-01 	 1.246076e+00 	 3.614106e-01 
3.747540e-01 	 1.244657e+00 	 3.595765e-01 
3.773081e-01 	 1.243126e+00 	 3.575908e-01 
3.798796e-01 	 1.241575e+00 	 3.556477e-01 
3.824687e-01 	 1.239912e+00 	 3.535491e-01 
3.850754e-01 	 1.238261e+00 	 3.514987e-01 
3.876998e-01 	 1.236575e+00 	 3.493099e-01 
3.903421e-01 	 1.234997e+00 	 3.471913e-01 
3.930025e-01 	 1.233490e+00 	 3.449575e-01 
3.956809e-01 	 1.232207e+00 	 3.428202e-01 
3.983777e-01 	 1.231119e+00 	 3.405975e-01 
4.010928e-01 	 1.230365e+00 	 3.384990e-01 
4.038264e-01 	 1.229787e+00 	 3.363100e-01 
4.065786e-01 	 1.229390e+00 	 3.342078e-01 
4.093496e-01 	 1.228980e+00 	 3.319715e-01 
4.121395e-01 	 1.228544e+00 	 3.297788e-01 
4.149484e-01 	 1.227872e+00 	 3.274055e-01 
4.177764e-01 	 1.226933e+00 	 3.250259e-01 
4.206238e-01 	 1.225559e+00 	 3.224255e-01 
4.234905e-01 	 1.223898e+00 	 3.198236e-01 
4.263767e-01 	 1.221925e+00 	 3.170382e-01 
4.292827e-01 	 1.219810e+00 	 3.142898e-01 
4.322084e-01 	 1.217537e+00 	 3.113944e-01 
4.351541e-01 	 1.215286e+00 	 3.085728e-01 
4.381198e-01 	 1.213051e+00 	 3.056420e-01 
4.411058e-01 	 1.210966e+00 	 3.028108e-01 
4.441121e-01 	 1.208908e+00 	 2.998684e-01 
4.471389e-01 	 1.206946e+00 	 2.970089e-01 
4.501864e-01 	 1.204953e+00 	 2.940210e-01 
4.532546e-01 	 1.202994e+00 	 2.910988e-01 
4.563437e-01 	 1.200937e+00 	 2.880301e-01 
4.594538e-01 	 1.198847e+00 	 2.850091e-01 
4.625852e-01 	 1.196629e+00 	 2.818325e-01 
4.657379e-01 	 1.194405e+00 	 2.787095e-01 
4.689121e-01 	 1.192107e+00 	 2.754445e-01 
4.721079e-01 	 1.189861e+00 	 2.722498e-01 
4.753255e-01 	 1.187605e+00 	 2.689320e-01 
4.785651e-01 	 1.185471e+00 	 2.657049e-01 
4.818267e-01 	 1.183394e+00 	 2.623728e-01 
4.851105e-01 	 1.181452e+00 	 2.591351e-01 
4.884168e-01 	 1.179516e+00 	 2.557787e-01 
4.917455e-01 	 1.177646e+00 	 2.524971e-01 
4.950970e-01 	 1.175707e+00 	 2.490765e-01 
4.984713e-01 	 1.173755e+00 	 2.457120e-01 
5.018685e-01 	 1.171651e+00 	 2.421926e-01 
5.052890e-01 	 1.169463e+00 	 2.387214e-01 
5.087327e-01 	 1.167109e+00 	 2.351031e-01 
5.121999e-01 	 1.164707e+00 	 2.315526e-01 
5.156908e-01 	 1.162185e+00 	 2.278747e-01 
5.192054e-01 	 1.159664e+00 	 2.242800e-01 
5.227440e-01 	 1.157074e+00 	 2.205677e-01 
5.263067e-01 	 1.154540e+00 	 2.169430e-01 
5.298937e-01 	 1.151984e+00 	 2.132002e-01 
5.335052e-01 	 1.149511e+00 	 2.095400e-01 
5.371412e-01 	 1.147029e+00 	 2.057564e-01 
5.408021e-01 	 1.144645e+00 	 2.020544e-01 
5.444879e-01 	 1.142271e+00 	 1.982334e-01 
5.481988e-01 	 1.140015e+00 	 1.945030e-01 
5.519350e-01 	 1.137792e+00 	 1.906662e-01 
5.556966e-01 	 1.135674e+00 	 1.869289e-01 
5.594839e-01 	 1.133508e+00 	 1.830852e-01 
5.632970e-01 	 1.131328e+00 	 1.793370e-01 
5.671361e-01 	 1.128974e+00 	 1.754770e-01 
5.710014e-01 	 1.126469e+00 	 1.717036e-01 
5.748930e-01 	 1.123639e+00 	 1.678025e-01 
5.788111e-01 	 1.120511e+00 	 1.639643e-01 
5.827560e-01 	 1.117033e+00 	 1.599838e-01 
5.867277e-01 	 1.113400e+00 	 1.560666e-01 
5.907265e-01 	 1.109623e+00 	 1.520092e-01 
5.947525e-01 	 1.105907e+00 	 1.480140e-01 
5.988060e-01 	 1.102272e+00 	 1.438809e-01 
6.028871e-01 	 1.098942e+00 	 1.398169e-01 
6.069960e-01 	 1.095919e+00 	 1.356252e-01 
6.111329e-01 	 1.093261e+00 	 1.314978e-01 
6.152981e-01 	 1.090801e+00 	 1.272245e-01 
6.194916e-01 	 1.088559e+00 	 1.230006e-01 
6.237137e-01 	 1.086363e+00 	 1.186226e-01 
6.279645e-01 	 1.084228e+00 	 1.142895e-01 
6.322443e-01 	 1.081971e+00 	 1.097993e-01 
6.365534e-01 	 1.079629e+00 	 1.053545e-01 
6.408917e-01 	 1.077119e+00 	 1.007634e-01 
6.452597e-01 	 1.074555e+00 	 9.623540e-02 
6.496574e-01 	 1.071863e+00 	 9.157970e-02 
6.540850e-01 	 1.069159e+00 	 8.700526e-02 
6.585429e-01 	 1.066371e+00 	 8.231987e-02 
6.630311e-01 	 1.063616e+00 	 7.772672e-02 
6.675500e-01 	 1.060810e+00 	 7.302492e-02 
6.720996e-01 	 1.058047e+00 	 6.840716e-02 
6.766802e-01 	 1.055230e+00 	 6.366820e-02 
6.812921e-01 	 1.052449e+00 	 5.900368e-02 
6.859354e-01 	 1.049611e+00 	 5.421925e-02 
6.906103e-01 	 1.046808e+00 	 4.952323e-02 
6.953171e-01 	 1.043945e+00 	 4.473162e-02 
7.000559e-01 	 1.041115e+00 	 4.005387e-02 
7.048271e-01 	 1.038221e+00 	 3.529945e-02 
7.096308e-01 	 1.035354e+00 	 3.066532e-02 
7.144672e-01 	 1.032417e+00 	 2.595028e-02 
7.193366e-01 	 1.029503e+00 	 2.134410e-02 
7.242392e-01 	 1.026514e+00 	 1.664492e-02 
7.291751e-01 	 1.023543e+00 	 1.204413e-02 
7.341448e-01 	 1.020498e+00 	 7.344180e-03 
7.391483e-01 	 1.017474e+00 	 2.739253e-03 
7.441859e-01 	 1.014381e+00 	 -1.965840e-03 
7.492578e-01 	 1.011313e+00 	 -6.578969e-03 
7.543643e-01 	 1.008180e+00 	 -1.129928e-02 
7.595056e-01 	 1.005077e+00 	 -1.594111e-02 
7.646819e-01 	 1.001915e+00 	 -2.070566e-02 
7.698935e-01 	 9.987937e-01 	 -2.540487e-02 
7.751407e-01 	 9.956306e-01 	 -3.023033e-02 
7.804236e-01 	 9.925283e-01 	 -3.498373e-02 
7.857425e-01 	 9.894055e-01 	 -3.984742e-02 
7.910976e-01 	 9.863650e-01 	 -4.462099e-02 
7.964893e-01 	 9.833278e-01 	 -4.948895e-02 
8.019177e-01 	 9.803857e-01 	 -5.425639e-02 
8.073831e-01 	 9.774256e-01 	 -5.910883e-02 
8.128857e-01 	 9.745159e-01 	 -6.385077e-02 
8.184259e-01 	 9.715418e-01 	 -6.866646e-02 
8.240038e-01 	 9.685692e-01 	 -7.336373e-02 
8.296197e-01 	 9.654805e-01 	 -7.813178e-02 
8.352739e-01 	 9.623396e-01 	 -8.278271e-02 
8.409666e-01 	 9.590482e-01 	 -8.750440e-02 
8.466982e-01 	 9.557068e-01 	 -9.210696e-02 
8.524687e-01 	 9.522370e-01 	 -9.677585e-02 
8.582787e-01 	 9.487411e-01 	 -1.013246e-01 
8.641282e-01 	 9.451415e-01 	 -1.059445e-01 
8.700176e-01 	 9.415375e-01 	 -1.104569e-01 
8.759471e-01 	 9.378463e-01 	 -1.150578e-01 
8.819170e-01 	 9.341670e-01 	 -1.195726e-01 
8.879277e-01 	 9.304245e-01 	 -1.241917e-01 
8.939792e-01 	 9.267247e-01 	 -1.287262e-01 
9.000721e-01 	 9.229999e-01 	 -1.333484e-01 
9.062064e-01 	 9.193594e-01 	 -1.378661e-01 
9.123826e-01 	 9.157366e-01 	 -1.424661e-01 
9.186009e-01 	 9.122340e-01 	 -1.469798e-01 
9.248615e-01 	 9.087487e-01 	 -1.515992e-01 
9.311648e-01 	 9.053482e-01 	 -1.561419e-01 
9.375111e-01 	 9.019285e-01 	 -1.607808e-01 
9.439006e-01 	 8.985600e-01 	 -1.653281e-01 
9.503336e-01 	 8.951356e-01 	 -1.699647e-01 
9.568106e-01 	 8.917184e-01 	 -1.745124e-01 
9.633316e-01 	 8.882073e-01 	 -1.791440e-01 
9.698971e-01 	 8.846990e-01 	 -1.836648e-01 
9.765073e-01 	 8.811177e-01 	 -1.882310e-01 
9.831626e-01 	 8.775564e-01 	 -1.926458e-01 
9.898633e-01 	 8.739343e-01 	 -1.970778e-01 
9.966096e-01 	 8.703414e-01 	 -2.013499e-01 
