1.003402e-02 	 4.336350e+04 	 2.536977e+04 	 1.789478e+03 	 4.334466e+04 	 2.532485e+04 	 1.779437e+03 
1.010241e-02 	 4.345674e+04 	 2.542423e+04 	 1.793301e+03 	 4.343760e+04 	 2.537860e+04 	 1.783101e+03 
1.017126e-02 	 4.354896e+04 	 2.547809e+04 	 1.797082e+03 	 4.352952e+04 	 2.543174e+04 	 1.786688e+03 
1.024058e-02 	 4.364008e+04 	 2.553131e+04 	 1.800816e+03 	 4.362033e+04 	 2.548422e+04 	 1.790253e+03 
1.031037e-02 	 4.373004e+04 	 2.558385e+04 	 1.804503e+03 	 4.370998e+04 	 2.553602e+04 	 1.793793e+03 
1.038064e-02 	 4.381881e+04 	 2.563569e+04 	 1.808140e+03 	 4.379844e+04 	 2.558711e+04 	 1.797191e+03 
1.045139e-02 	 4.390637e+04 	 2.568682e+04 	 1.811727e+03 	 4.388568e+04 	 2.563748e+04 	 1.800622e+03 
1.052262e-02 	 4.399274e+04 	 2.573725e+04 	 1.815264e+03 	 4.397172e+04 	 2.568713e+04 	 1.803970e+03 
1.059434e-02 	 4.407796e+04 	 2.578700e+04 	 1.818753e+03 	 4.405661e+04 	 2.573610e+04 	 1.807177e+03 
1.066654e-02 	 4.416194e+04 	 2.583604e+04 	 1.822190e+03 	 4.414026e+04 	 2.578434e+04 	 1.810535e+03 
1.073924e-02 	 4.424447e+04 	 2.588422e+04 	 1.825568e+03 	 4.422245e+04 	 2.583172e+04 	 1.813742e+03 
1.081243e-02 	 4.432533e+04 	 2.593142e+04 	 1.828876e+03 	 4.430297e+04 	 2.587811e+04 	 1.816788e+03 
1.088612e-02 	 4.440457e+04 	 2.597767e+04 	 1.832116e+03 	 4.438187e+04 	 2.592354e+04 	 1.819912e+03 
1.096031e-02 	 4.448252e+04 	 2.602317e+04 	 1.835303e+03 	 4.445947e+04 	 2.596820e+04 	 1.822892e+03 
1.103501e-02 	 4.455953e+04 	 2.606811e+04 	 1.838450e+03 	 4.453612e+04 	 2.601230e+04 	 1.825860e+03 
1.111022e-02 	 4.463568e+04 	 2.611255e+04 	 1.841562e+03 	 4.461191e+04 	 2.605588e+04 	 1.828820e+03 
1.118594e-02 	 4.471080e+04 	 2.615638e+04 	 1.844630e+03 	 4.468666e+04 	 2.609884e+04 	 1.831647e+03 
1.126218e-02 	 4.478468e+04 	 2.619949e+04 	 1.847647e+03 	 4.476017e+04 	 2.614106e+04 	 1.834482e+03 
1.133894e-02 	 4.485706e+04 	 2.624172e+04 	 1.850601e+03 	 4.483217e+04 	 2.618240e+04 	 1.837254e+03 
1.141621e-02 	 4.492757e+04 	 2.628285e+04 	 1.853478e+03 	 4.490231e+04 	 2.622263e+04 	 1.839920e+03 
1.149402e-02 	 4.499591e+04 	 2.632271e+04 	 1.856264e+03 	 4.497026e+04 	 2.626157e+04 	 1.842466e+03 
1.157236e-02 	 4.506221e+04 	 2.636138e+04 	 1.858966e+03 	 4.503618e+04 	 2.629931e+04 	 1.844989e+03 
1.165123e-02 	 4.512699e+04 	 2.639915e+04 	 1.861604e+03 	 4.510056e+04 	 2.633614e+04 	 1.847420e+03 
1.173064e-02 	 4.519069e+04 	 2.643629e+04 	 1.864198e+03 	 4.516387e+04 	 2.637234e+04 	 1.849809e+03 
1.181058e-02 	 4.525332e+04 	 2.647280e+04 	 1.866747e+03 	 4.522608e+04 	 2.640788e+04 	 1.852095e+03 
1.189108e-02 	 4.531452e+04 	 2.650848e+04 	 1.869236e+03 	 4.528688e+04 	 2.644258e+04 	 1.854415e+03 
1.197212e-02 	 4.537402e+04 	 2.654316e+04 	 1.871655e+03 	 4.534597e+04 	 2.647627e+04 	 1.856547e+03 
1.205372e-02 	 4.543189e+04 	 2.657687e+04 	 1.874005e+03 	 4.540341e+04 	 2.650899e+04 	 1.858736e+03 
1.213587e-02 	 4.548839e+04 	 2.660979e+04 	 1.876299e+03 	 4.545949e+04 	 2.654090e+04 	 1.860782e+03 
1.221858e-02 	 4.554373e+04 	 2.664203e+04 	 1.878544e+03 	 4.551440e+04 	 2.657211e+04 	 1.862784e+03 
1.230185e-02 	 4.559761e+04 	 2.667341e+04 	 1.880728e+03 	 4.556784e+04 	 2.660245e+04 	 1.864731e+03 
1.238569e-02 	 4.564947e+04 	 2.670361e+04 	 1.882829e+03 	 4.561926e+04 	 2.663160e+04 	 1.866631e+03 
1.247011e-02 	 4.569888e+04 	 2.673237e+04 	 1.884827e+03 	 4.566822e+04 	 2.665929e+04 	 1.868345e+03 
1.255510e-02 	 4.574616e+04 	 2.675988e+04 	 1.886738e+03 	 4.571505e+04 	 2.668574e+04 	 1.870068e+03 
1.264066e-02 	 4.579196e+04 	 2.678653e+04 	 1.888586e+03 	 4.576040e+04 	 2.671129e+04 	 1.871647e+03 
1.272682e-02 	 4.583677e+04 	 2.681259e+04 	 1.890394e+03 	 4.580475e+04 	 2.673626e+04 	 1.873207e+03 
1.281355e-02 	 4.588018e+04 	 2.683783e+04 	 1.892142e+03 	 4.584768e+04 	 2.676038e+04 	 1.874671e+03 
1.290088e-02 	 4.592144e+04 	 2.686182e+04 	 1.893802e+03 	 4.588848e+04 	 2.678324e+04 	 1.876102e+03 
1.298881e-02 	 4.596005e+04 	 2.688425e+04 	 1.895351e+03 	 4.592661e+04 	 2.680453e+04 	 1.877403e+03 
1.307733e-02 	 4.599645e+04 	 2.690538e+04 	 1.896809e+03 	 4.596252e+04 	 2.682451e+04 	 1.878561e+03 
1.316646e-02 	 4.603135e+04 	 2.692564e+04 	 1.898204e+03 	 4.599694e+04 	 2.684360e+04 	 1.879759e+03 
1.325619e-02 	 4.606528e+04 	 2.694532e+04 	 1.899559e+03 	 4.603037e+04 	 2.686210e+04 	 1.880821e+03 
1.334654e-02 	 4.609784e+04 	 2.696421e+04 	 1.900856e+03 	 4.606243e+04 	 2.687979e+04 	 1.881853e+03 
1.343750e-02 	 4.612846e+04 	 2.698195e+04 	 1.902073e+03 	 4.609254e+04 	 2.689632e+04 	 1.882787e+03 
1.352909e-02 	 4.615668e+04 	 2.699828e+04 	 1.903190e+03 	 4.612024e+04 	 2.691144e+04 	 1.883604e+03 
1.362129e-02 	 4.618256e+04 	 2.701325e+04 	 1.904210e+03 	 4.614561e+04 	 2.692517e+04 	 1.884385e+03 
1.371413e-02 	 4.620626e+04 	 2.702694e+04 	 1.905139e+03 	 4.616879e+04 	 2.693762e+04 	 1.885044e+03 
1.380759e-02 	 4.622789e+04 	 2.703942e+04 	 1.905982e+03 	 4.618989e+04 	 2.694883e+04 	 1.885571e+03 
1.390170e-02 	 4.624739e+04 	 2.705064e+04 	 1.906737e+03 	 4.620885e+04 	 2.695878e+04 	 1.886041e+03 
1.399644e-02 	 4.626466e+04 	 2.706057e+04 	 1.907399e+03 	 4.622558e+04 	 2.696742e+04 	 1.886435e+03 
1.409184e-02 	 4.627973e+04 	 2.706920e+04 	 1.907970e+03 	 4.624010e+04 	 2.697474e+04 	 1.886717e+03 
1.418788e-02 	 4.629278e+04 	 2.707665e+04 	 1.908456e+03 	 4.625260e+04 	 2.698087e+04 	 1.886903e+03 
1.428457e-02 	 4.630406e+04 	 2.708305e+04 	 1.908869e+03 	 4.626332e+04 	 2.698595e+04 	 1.887011e+03 
1.438193e-02 	 4.631368e+04 	 2.708849e+04 	 1.909213e+03 	 4.627238e+04 	 2.699004e+04 	 1.887061e+03 
1.447995e-02 	 4.632149e+04 	 2.709286e+04 	 1.909482e+03 	 4.627962e+04 	 2.699306e+04 	 1.887018e+03 
1.457863e-02 	 4.632733e+04 	 2.709608e+04 	 1.909668e+03 	 4.628488e+04 	 2.699490e+04 	 1.886898e+03 
1.467799e-02 	 4.633098e+04 	 2.709801e+04 	 1.909763e+03 	 4.628794e+04 	 2.699544e+04 	 1.886694e+03 
1.477803e-02 	 4.633217e+04 	 2.709851e+04 	 1.909757e+03 	 4.628855e+04 	 2.699454e+04 	 1.886364e+03 
1.487875e-02 	 4.633065e+04 	 2.709742e+04 	 1.909637e+03 	 4.628643e+04 	 2.699203e+04 	 1.885923e+03 
1.498015e-02 	 4.632645e+04 	 2.709476e+04 	 1.909407e+03 	 4.628164e+04 	 2.698794e+04 	 1.885371e+03 
1.508225e-02 	 4.632011e+04 	 2.709083e+04 	 1.909088e+03 	 4.627469e+04 	 2.698258e+04 	 1.884740e+03 
1.518504e-02 	 4.631218e+04 	 2.708598e+04 	 1.908702e+03 	 4.626614e+04 	 2.697627e+04 	 1.884038e+03 
1.528853e-02 	 4.630275e+04 	 2.708025e+04 	 1.908254e+03 	 4.625610e+04 	 2.696906e+04 	 1.883237e+03 
1.539273e-02 	 4.629132e+04 	 2.707335e+04 	 1.907722e+03 	 4.624404e+04 	 2.696067e+04 	 1.882381e+03 
1.549764e-02 	 4.627734e+04 	 2.706495e+04 	 1.907085e+03 	 4.622944e+04 	 2.695077e+04 	 1.881400e+03 
1.560326e-02 	 4.626060e+04 	 2.705494e+04 	 1.906333e+03 	 4.621206e+04 	 2.693924e+04 	 1.880327e+03 
1.570960e-02 	 4.624124e+04 	 2.704338e+04 	 1.905472e+03 	 4.619205e+04 	 2.692616e+04 	 1.879106e+03 
1.581667e-02 	 4.621940e+04 	 2.703038e+04 	 1.904509e+03 	 4.616957e+04 	 2.691161e+04 	 1.877805e+03 
1.592447e-02 	 4.619513e+04 	 2.701595e+04 	 1.903444e+03 	 4.614464e+04 	 2.689563e+04 	 1.876396e+03 
1.603300e-02 	 4.616833e+04 	 2.700004e+04 	 1.902274e+03 	 4.611718e+04 	 2.687815e+04 	 1.874865e+03 
1.614227e-02 	 4.613892e+04 	 2.698260e+04 	 1.900996e+03 	 4.608711e+04 	 2.685913e+04 	 1.873236e+03 
1.625229e-02 	 4.610701e+04 	 2.696370e+04 	 1.899614e+03 	 4.605453e+04 	 2.683862e+04 	 1.871495e+03 
1.636305e-02 	 4.607287e+04 	 2.694349e+04 	 1.898140e+03 	 4.601971e+04 	 2.681680e+04 	 1.869662e+03 
1.647457e-02 	 4.603675e+04 	 2.692212e+04 	 1.896583e+03 	 4.598291e+04 	 2.679380e+04 	 1.867745e+03 
1.658685e-02 	 4.599861e+04 	 2.689956e+04 	 1.894942e+03 	 4.594408e+04 	 2.676960e+04 	 1.865734e+03 
1.669990e-02 	 4.595816e+04 	 2.687565e+04 	 1.893205e+03 	 4.590293e+04 	 2.674404e+04 	 1.863627e+03 
1.681372e-02 	 4.591512e+04 	 2.685022e+04 	 1.891360e+03 	 4.585919e+04 	 2.671694e+04 	 1.861405e+03 
1.692831e-02 	 4.586942e+04 	 2.682323e+04 	 1.889405e+03 	 4.581278e+04 	 2.668827e+04 	 1.859067e+03 
1.704368e-02 	 4.582111e+04 	 2.679472e+04 	 1.887342e+03 	 4.576376e+04 	 2.665806e+04 	 1.856632e+03 
1.715984e-02 	 4.577026e+04 	 2.676471e+04 	 1.885173e+03 	 4.571219e+04 	 2.662634e+04 	 1.854086e+03 
1.727679e-02 	 4.571689e+04 	 2.673323e+04 	 1.882900e+03 	 4.565810e+04 	 2.659314e+04 	 1.851419e+03 
1.739454e-02 	 4.566104e+04 	 2.670029e+04 	 1.880524e+03 	 4.560152e+04 	 2.655847e+04 	 1.848665e+03 
1.751309e-02 	 4.560272e+04 	 2.666592e+04 	 1.878045e+03 	 4.554247e+04 	 2.652234e+04 	 1.845789e+03 
1.763245e-02 	 4.554199e+04 	 2.663012e+04 	 1.875466e+03 	 4.548100e+04 	 2.648478e+04 	 1.842817e+03 
1.775262e-02 	 4.547889e+04 	 2.659294e+04 	 1.872788e+03 	 4.541715e+04 	 2.644582e+04 	 1.839746e+03 
1.787361e-02 	 4.541343e+04 	 2.655437e+04 	 1.870013e+03 	 4.535093e+04 	 2.640546e+04 	 1.836569e+03 
1.799543e-02 	 4.534536e+04 	 2.651427e+04 	 1.867129e+03 	 4.528211e+04 	 2.636356e+04 	 1.833283e+03 
1.811808e-02 	 4.527432e+04 	 2.647244e+04 	 1.864122e+03 	 4.521030e+04 	 2.631991e+04 	 1.829870e+03 
1.824156e-02 	 4.520007e+04 	 2.642872e+04 	 1.860982e+03 	 4.513529e+04 	 2.627438e+04 	 1.826320e+03 
1.836588e-02 	 4.512304e+04 	 2.638338e+04 	 1.857727e+03 	 4.505749e+04 	 2.622720e+04 	 1.822660e+03 
1.849105e-02 	 4.504387e+04 	 2.633678e+04 	 1.854383e+03 	 4.497755e+04 	 2.617875e+04 	 1.818904e+03 
1.861708e-02 	 4.496304e+04 	 2.628921e+04 	 1.850969e+03 	 4.489592e+04 	 2.612931e+04 	 1.815071e+03 
1.874396e-02 	 4.488011e+04 	 2.624041e+04 	 1.847468e+03 	 4.481221e+04 	 2.607863e+04 	 1.811152e+03 
1.887171e-02 	 4.479444e+04 	 2.619000e+04 	 1.843854e+03 	 4.472574e+04 	 2.602633e+04 	 1.807120e+03 
1.900033e-02 	 4.470551e+04 	 2.613768e+04 	 1.840104e+03 	 4.463602e+04 	 2.597212e+04 	 1.802948e+03 
1.912982e-02 	 4.461355e+04 	 2.608359e+04 	 1.836229e+03 	 4.454326e+04 	 2.591611e+04 	 1.798645e+03 
1.926020e-02 	 4.451895e+04 	 2.602795e+04 	 1.832245e+03 	 4.444785e+04 	 2.585856e+04 	 1.794233e+03 
1.939146e-02 	 4.442202e+04 	 2.597095e+04 	 1.828164e+03 	 4.435011e+04 	 2.579962e+04 	 1.789721e+03 
1.952363e-02 	 4.432281e+04 	 2.591261e+04 	 1.823988e+03 	 4.425008e+04 	 2.573934e+04 	 1.785113e+03 
1.965669e-02 	 4.422132e+04 	 2.585293e+04 	 1.819717e+03 	 4.414776e+04 	 2.567770e+04 	 1.780404e+03 
1.979066e-02 	 4.411744e+04 	 2.579186e+04 	 1.815347e+03 	 4.404305e+04 	 2.561465e+04 	 1.775599e+03 
1.992554e-02 	 4.401080e+04 	 2.572917e+04 	 1.810863e+03 	 4.393559e+04 	 2.554998e+04 	 1.770673e+03 
2.006134e-02 	 4.390100e+04 	 2.566463e+04 	 1.806248e+03 	 4.382495e+04 	 2.548346e+04 	 1.765616e+03 
2.019806e-02 	 4.378793e+04 	 2.559817e+04 	 1.801497e+03 	 4.371104e+04 	 2.541500e+04 	 1.760422e+03 
2.033572e-02 	 4.367220e+04 	 2.553015e+04 	 1.796636e+03 	 4.359447e+04 	 2.534498e+04 	 1.755118e+03 
2.047432e-02 	 4.355453e+04 	 2.546100e+04 	 1.791695e+03 	 4.347595e+04 	 2.527382e+04 	 1.749729e+03 
2.061386e-02 	 4.343523e+04 	 2.539089e+04 	 1.786686e+03 	 4.335580e+04 	 2.520168e+04 	 1.744267e+03 
2.075435e-02 	 4.331372e+04 	 2.531948e+04 	 1.781585e+03 	 4.323343e+04 	 2.512824e+04 	 1.738714e+03 
2.089580e-02 	 4.318929e+04 	 2.524638e+04 	 1.776363e+03 	 4.310815e+04 	 2.505308e+04 	 1.733039e+03 
2.103821e-02 	 4.306163e+04 	 2.517137e+04 	 1.771008e+03 	 4.297962e+04 	 2.497602e+04 	 1.727228e+03 
2.118160e-02 	 4.293099e+04 	 2.509462e+04 	 1.765529e+03 	 4.284812e+04 	 2.489722e+04 	 1.721292e+03 
2.132596e-02 	 4.279774e+04 	 2.501634e+04 	 1.759942e+03 	 4.271400e+04 	 2.481688e+04 	 1.715249e+03 
2.147130e-02 	 4.266219e+04 	 2.493672e+04 	 1.754260e+03 	 4.257757e+04 	 2.473518e+04 	 1.709105e+03 
2.161764e-02 	 4.252457e+04 	 2.485588e+04 	 1.748491e+03 	 4.243908e+04 	 2.465226e+04 	 1.702876e+03 
2.176497e-02 	 4.238511e+04 	 2.477396e+04 	 1.742647e+03 	 4.229874e+04 	 2.456825e+04 	 1.696567e+03 
2.191331e-02 	 4.224369e+04 	 2.469090e+04 	 1.736720e+03 	 4.215643e+04 	 2.448308e+04 	 1.690175e+03 
2.206266e-02 	 4.209970e+04 	 2.460633e+04 	 1.730688e+03 	 4.201156e+04 	 2.439640e+04 	 1.683676e+03 
2.221302e-02 	 4.195252e+04 	 2.451989e+04 	 1.724524e+03 	 4.186349e+04 	 2.430785e+04 	 1.677045e+03 
2.236441e-02 	 4.180208e+04 	 2.443155e+04 	 1.718225e+03 	 4.171216e+04 	 2.421740e+04 	 1.670278e+03 
2.251684e-02 	 4.164895e+04 	 2.434163e+04 	 1.711814e+03 	 4.155814e+04 	 2.412536e+04 	 1.663399e+03 
2.267030e-02 	 4.149372e+04 	 2.425048e+04 	 1.705317e+03 	 4.140202e+04 	 2.403209e+04 	 1.656432e+03 
2.282481e-02 	 4.133663e+04 	 2.415824e+04 	 1.698742e+03 	 4.124403e+04 	 2.393772e+04 	 1.649386e+03 
2.298037e-02 	 4.117757e+04 	 2.406485e+04 	 1.692086e+03 	 4.108407e+04 	 2.384219e+04 	 1.642258e+03 
2.313699e-02 	 4.101643e+04 	 2.397024e+04 	 1.685344e+03 	 4.092203e+04 	 2.374543e+04 	 1.635042e+03 
2.329467e-02 	 4.085319e+04 	 2.387439e+04 	 1.678514e+03 	 4.075788e+04 	 2.364744e+04 	 1.627738e+03 
2.345344e-02 	 4.068790e+04 	 2.377736e+04 	 1.671600e+03 	 4.059169e+04 	 2.354825e+04 	 1.620349e+03 
2.361328e-02 	 4.052063e+04 	 2.367916e+04 	 1.664604e+03 	 4.042351e+04 	 2.344789e+04 	 1.612877e+03 
2.377422e-02 	 4.035114e+04 	 2.357965e+04 	 1.657516e+03 	 4.025311e+04 	 2.334623e+04 	 1.605312e+03 
2.393625e-02 	 4.017898e+04 	 2.347859e+04 	 1.650317e+03 	 4.008004e+04 	 2.324300e+04 	 1.597637e+03 
2.409938e-02 	 4.000377e+04 	 2.337574e+04 	 1.642993e+03 	 3.990392e+04 	 2.313799e+04 	 1.589836e+03 
2.426363e-02 	 3.982596e+04 	 2.327137e+04 	 1.635561e+03 	 3.972520e+04 	 2.303146e+04 	 1.581930e+03 
2.442900e-02 	 3.964652e+04 	 2.316605e+04 	 1.628062e+03 	 3.954485e+04 	 2.292398e+04 	 1.573954e+03 
2.459549e-02 	 3.946633e+04 	 2.306029e+04 	 1.620531e+03 	 3.936375e+04 	 2.281604e+04 	 1.565945e+03 
2.476312e-02 	 3.928514e+04 	 2.295394e+04 	 1.612959e+03 	 3.918164e+04 	 2.270751e+04 	 1.557893e+03 
2.493189e-02 	 3.910209e+04 	 2.284649e+04 	 1.605310e+03 	 3.899766e+04 	 2.259789e+04 	 1.549765e+03 
2.510181e-02 	 3.891639e+04 	 2.273750e+04 	 1.597551e+03 	 3.881105e+04 	 2.248672e+04 	 1.541527e+03 
2.527289e-02 	 3.872813e+04 	 2.262702e+04 	 1.589687e+03 	 3.862187e+04 	 2.237405e+04 	 1.533186e+03 
2.544513e-02 	 3.853780e+04 	 2.251532e+04 	 1.581737e+03 	 3.843062e+04 	 2.226018e+04 	 1.524759e+03 
2.561855e-02 	 3.834583e+04 	 2.240266e+04 	 1.573720e+03 	 3.823774e+04 	 2.214535e+04 	 1.516265e+03 
2.579315e-02 	 3.815225e+04 	 2.228906e+04 	 1.565636e+03 	 3.804324e+04 	 2.202957e+04 	 1.507703e+03 
2.596894e-02 	 3.795693e+04 	 2.217444e+04 	 1.557480e+03 	 3.784700e+04 	 2.191277e+04 	 1.499071e+03 
2.614593e-02 	 3.775978e+04 	 2.205875e+04 	 1.549248e+03 	 3.764894e+04 	 2.179491e+04 	 1.490364e+03 
2.632413e-02 	 3.756096e+04 	 2.194208e+04 	 1.540948e+03 	 3.744920e+04 	 2.167607e+04 	 1.481588e+03 
2.650354e-02 	 3.736069e+04 	 2.182457e+04 	 1.532588e+03 	 3.724802e+04 	 2.155639e+04 	 1.472753e+03 
2.668417e-02 	 3.715916e+04 	 2.170631e+04 	 1.524175e+03 	 3.704557e+04 	 2.143596e+04 	 1.463867e+03 
2.686603e-02 	 3.695631e+04 	 2.158729e+04 	 1.515709e+03 	 3.684181e+04 	 2.131476e+04 	 1.454926e+03 
2.704914e-02 	 3.675202e+04 	 2.146742e+04 	 1.507182e+03 	 3.663660e+04 	 2.119272e+04 	 1.445926e+03 
2.723349e-02 	 3.654616e+04 	 2.134663e+04 	 1.498591e+03 	 3.642983e+04 	 2.106977e+04 	 1.436863e+03 
2.741909e-02 	 3.633868e+04 	 2.122490e+04 	 1.489933e+03 	 3.622144e+04 	 2.094588e+04 	 1.427734e+03 
2.760597e-02 	 3.612953e+04 	 2.110219e+04 	 1.481207e+03 	 3.601138e+04 	 2.082101e+04 	 1.418538e+03 
2.779411e-02 	 3.591878e+04 	 2.097854e+04 	 1.472414e+03 	 3.579972e+04 	 2.069521e+04 	 1.409278e+03 
2.798354e-02 	 3.570689e+04 	 2.085423e+04 	 1.463574e+03 	 3.558693e+04 	 2.056875e+04 	 1.399971e+03 
2.817426e-02 	 3.549440e+04 	 2.072957e+04 	 1.454710e+03 	 3.537354e+04 	 2.044195e+04 	 1.390640e+03 
2.836628e-02 	 3.528164e+04 	 2.060474e+04 	 1.445834e+03 	 3.515986e+04 	 2.031497e+04 	 1.381298e+03 
2.855961e-02 	 3.506821e+04 	 2.047953e+04 	 1.436931e+03 	 3.494553e+04 	 2.018761e+04 	 1.371928e+03 
2.875425e-02 	 3.485363e+04 	 2.035364e+04 	 1.427981e+03 	 3.473005e+04 	 2.005957e+04 	 1.362513e+03 
2.895022e-02 	 3.463764e+04 	 2.022693e+04 	 1.418972e+03 	 3.451315e+04 	 1.993072e+04 	 1.353041e+03 
2.914753e-02 	 3.442053e+04 	 2.009956e+04 	 1.409917e+03 	 3.429514e+04 	 1.980123e+04 	 1.343525e+03 
2.934618e-02 	 3.420267e+04 	 1.997176e+04 	 1.400832e+03 	 3.407639e+04 	 1.967130e+04 	 1.333980e+03 
2.954619e-02 	 3.398432e+04 	 1.984367e+04 	 1.391726e+03 	 3.385714e+04 	 1.954108e+04 	 1.324416e+03 
2.974756e-02 	 3.376542e+04 	 1.971525e+04 	 1.382598e+03 	 3.363734e+04 	 1.941054e+04 	 1.314829e+03 
2.995030e-02 	 3.354587e+04 	 1.958646e+04 	 1.373443e+03 	 3.341689e+04 	 1.927963e+04 	 1.305218e+03 
3.015442e-02 	 3.332576e+04 	 1.945734e+04 	 1.364264e+03 	 3.319589e+04 	 1.914840e+04 	 1.295584e+03 
3.035994e-02 	 3.310544e+04 	 1.932809e+04 	 1.355078e+03 	 3.297468e+04 	 1.901705e+04 	 1.285943e+03 
3.056685e-02 	 3.288532e+04 	 1.919897e+04 	 1.345899e+03 	 3.275367e+04 	 1.888581e+04 	 1.276310e+03 
3.077518e-02 	 3.266551e+04 	 1.907002e+04 	 1.336734e+03 	 3.253297e+04 	 1.875475e+04 	 1.266690e+03 
3.098492e-02 	 3.244571e+04 	 1.894109e+04 	 1.327568e+03 	 3.231227e+04 	 1.862369e+04 	 1.257071e+03 
3.119610e-02 	 3.222558e+04 	 1.881195e+04 	 1.318389e+03 	 3.209124e+04 	 1.849245e+04 	 1.247439e+03 
3.140871e-02 	 3.200498e+04 	 1.868255e+04 	 1.309191e+03 	 3.186976e+04 	 1.836094e+04 	 1.237790e+03 
3.162278e-02 	 3.178408e+04 	 1.855296e+04 	 1.299981e+03 	 3.164797e+04 	 1.822926e+04 	 1.228131e+03 
3.183830e-02 	 3.156305e+04 	 1.842331e+04 	 1.290765e+03 	 3.142606e+04 	 1.809751e+04 	 1.218467e+03 
3.205529e-02 	 3.134203e+04 	 1.829365e+04 	 1.281550e+03 	 3.120415e+04 	 1.796576e+04 	 1.208805e+03 
3.227376e-02 	 3.112108e+04 	 1.816405e+04 	 1.272338e+03 	 3.098232e+04 	 1.783406e+04 	 1.199148e+03 
3.249372e-02 	 3.090028e+04 	 1.803452e+04 	 1.263132e+03 	 3.076063e+04 	 1.770245e+04 	 1.189497e+03 
3.271518e-02 	 3.067957e+04 	 1.790506e+04 	 1.253930e+03 	 3.053904e+04 	 1.757091e+04 	 1.179852e+03 
3.293814e-02 	 3.045884e+04 	 1.777557e+04 	 1.244727e+03 	 3.031743e+04 	 1.743935e+04 	 1.170207e+03 
3.316263e-02 	 3.023797e+04 	 1.764602e+04 	 1.235519e+03 	 3.009569e+04 	 1.730772e+04 	 1.160560e+03 
3.338865e-02 	 3.001765e+04 	 1.751677e+04 	 1.226334e+03 	 2.987449e+04 	 1.717641e+04 	 1.150935e+03 
3.361620e-02 	 2.979919e+04 	 1.738862e+04 	 1.217224e+03 	 2.965514e+04 	 1.704616e+04 	 1.141384e+03 
3.384531e-02 	 2.958369e+04 	 1.726219e+04 	 1.208236e+03 	 2.943874e+04 	 1.691763e+04 	 1.131948e+03 
3.407598e-02 	 2.936876e+04 	 1.713610e+04 	 1.199271e+03 	 2.922293e+04 	 1.678942e+04 	 1.122536e+03 
3.430822e-02 	 2.914951e+04 	 1.700749e+04 	 1.190130e+03 	 2.900280e+04 	 1.665876e+04 	 1.112962e+03 
3.454205e-02 	 2.892120e+04 	 1.687359e+04 	 1.180620e+03 	 2.877367e+04 	 1.652292e+04 	 1.103044e+03 
3.477747e-02 	 2.868337e+04 	 1.673415e+04 	 1.170721e+03 	 2.853508e+04 	 1.638166e+04 	 1.092768e+03 
3.501449e-02 	 2.843823e+04 	 1.659043e+04 	 1.160525e+03 	 2.828921e+04 	 1.623625e+04 	 1.082218e+03 
3.525313e-02 	 2.818809e+04 	 1.644380e+04 	 1.150125e+03 	 2.803838e+04 	 1.608800e+04 	 1.071483e+03 
3.549339e-02 	 2.793537e+04 	 1.629568e+04 	 1.139621e+03 	 2.778499e+04 	 1.593831e+04 	 1.060657e+03 
3.573529e-02 	 2.768259e+04 	 1.614752e+04 	 1.129116e+03 	 2.753156e+04 	 1.578861e+04 	 1.049835e+03 
3.597884e-02 	 2.743239e+04 	 1.600087e+04 	 1.118716e+03 	 2.728070e+04 	 1.564041e+04 	 1.039117e+03 
3.622405e-02 	 2.718749e+04 	 1.585731e+04 	 1.108534e+03 	 2.703512e+04 	 1.549526e+04 	 1.028607e+03 
3.647094e-02 	 2.695059e+04 	 1.571842e+04 	 1.098679e+03 	 2.679751e+04 	 1.535469e+04 	 1.018406e+03 
3.671950e-02 	 2.672221e+04 	 1.558451e+04 	 1.089171e+03 	 2.656838e+04 	 1.521900e+04 	 1.008533e+03 
3.696976e-02 	 2.650105e+04 	 1.545480e+04 	 1.079959e+03 	 2.634642e+04 	 1.508744e+04 	 9.989364e+02 
3.722172e-02 	 2.628570e+04 	 1.532849e+04 	 1.070984e+03 	 2.613025e+04 	 1.495921e+04 	 9.895645e+02 
3.747540e-02 	 2.607469e+04 	 1.520471e+04 	 1.062186e+03 	 2.591841e+04 	 1.483346e+04 	 9.803611e+02 
3.773081e-02 	 2.586649e+04 	 1.508257e+04 	 1.053504e+03 	 2.570936e+04 	 1.470933e+04 	 9.712666e+02 
3.798796e-02 	 2.565950e+04 	 1.496114e+04 	 1.044871e+03 	 2.550152e+04 	 1.458590e+04 	 9.622221e+02 
3.824687e-02 	 2.545225e+04 	 1.483956e+04 	 1.036228e+03 	 2.529344e+04 	 1.446235e+04 	 9.531724e+02 
3.850754e-02 	 2.524462e+04 	 1.471775e+04 	 1.027570e+03 	 2.508497e+04 	 1.433859e+04 	 9.441140e+02 
3.876998e-02 	 2.503709e+04 	 1.459602e+04 	 1.018918e+03 	 2.487662e+04 	 1.421491e+04 	 9.350637e+02 
3.903421e-02 	 2.483018e+04 	 1.447464e+04 	 1.010290e+03 	 2.466888e+04 	 1.409160e+04 	 9.260414e+02 
3.930025e-02 	 2.462441e+04 	 1.435393e+04 	 1.001710e+03 	 2.446229e+04 	 1.396896e+04 	 9.170677e+02 
3.956809e-02 	 2.442034e+04 	 1.423421e+04 	 9.931997e+02 	 2.425739e+04 	 1.384730e+04 	 9.081620e+02 
3.983777e-02 	 2.421853e+04 	 1.411581e+04 	 9.847823e+02 	 2.405476e+04 	 1.372695e+04 	 8.993469e+02 
4.010928e-02 	 2.401947e+04 	 1.399902e+04 	 9.764771e+02 	 2.385485e+04 	 1.360818e+04 	 8.906382e+02 
4.038264e-02 	 2.382320e+04 	 1.388386e+04 	 9.682858e+02 	 2.365772e+04 	 1.349100e+04 	 8.820382e+02 
4.065786e-02 	 2.362965e+04 	 1.377028e+04 	 9.602058e+02 	 2.346330e+04 	 1.337538e+04 	 8.735444e+02 
4.093496e-02 	 2.343875e+04 	 1.365825e+04 	 9.522343e+02 	 2.327152e+04 	 1.326129e+04 	 8.651540e+02 
4.121395e-02 	 2.325044e+04 	 1.354773e+04 	 9.443683e+02 	 2.308232e+04 	 1.314868e+04 	 8.568638e+02 
4.149484e-02 	 2.306463e+04 	 1.343867e+04 	 9.366048e+02 	 2.289560e+04 	 1.303750e+04 	 8.486708e+02 
4.177764e-02 	 2.288125e+04 	 1.333103e+04 	 9.289403e+02 	 2.271131e+04 	 1.292771e+04 	 8.405720e+02 
4.206238e-02 	 2.270026e+04 	 1.322478e+04 	 9.213733e+02 	 2.252939e+04 	 1.281929e+04 	 8.325659e+02 
4.234905e-02 	 2.252172e+04 	 1.311996e+04 	 9.139062e+02 	 2.234991e+04 	 1.271227e+04 	 8.246542e+02 
4.263767e-02 	 2.234569e+04 	 1.301661e+04 	 9.065418e+02 	 2.217293e+04 	 1.260668e+04 	 8.168393e+02 
4.292827e-02 	 2.217225e+04 	 1.291476e+04 	 8.992828e+02 	 2.199852e+04 	 1.250257e+04 	 8.091236e+02 
4.322084e-02 	 2.200147e+04 	 1.281447e+04 	 8.921322e+02 	 2.182676e+04 	 1.239997e+04 	 8.015095e+02 
4.351541e-02 	 2.183342e+04 	 1.271577e+04 	 8.850928e+02 	 2.165771e+04 	 1.229893e+04 	 7.939990e+02 
4.381198e-02 	 2.166818e+04 	 1.261871e+04 	 8.781676e+02 	 2.149145e+04 	 1.219949e+04 	 7.865950e+02 
4.411058e-02 	 2.150580e+04 	 1.252331e+04 	 8.713588e+02 	 2.132804e+04 	 1.210167e+04 	 7.792986e+02 
4.441121e-02 	 2.134630e+04 	 1.242960e+04 	 8.646672e+02 	 2.116749e+04 	 1.200548e+04 	 7.721107e+02 
4.471389e-02 	 2.118972e+04 	 1.233758e+04 	 8.580938e+02 	 2.100983e+04 	 1.191095e+04 	 7.650316e+02 
4.501864e-02 	 2.103607e+04 	 1.224727e+04 	 8.516397e+02 	 2.085508e+04 	 1.181807e+04 	 7.580622e+02 
4.532546e-02 	 2.088538e+04 	 1.215868e+04 	 8.453056e+02 	 2.070328e+04 	 1.172686e+04 	 7.512027e+02 
4.563437e-02 	 2.073768e+04 	 1.207183e+04 	 8.390924e+02 	 2.055443e+04 	 1.163734e+04 	 7.444533e+02 
4.594538e-02 	 2.059298e+04 	 1.198674e+04 	 8.330010e+02 	 2.040856e+04 	 1.154951e+04 	 7.378148e+02 
4.625852e-02 	 2.045130e+04 	 1.190340e+04 	 8.270320e+02 	 2.026570e+04 	 1.146339e+04 	 7.312872e+02 
4.657379e-02 	 2.031267e+04 	 1.182183e+04 	 8.211864e+02 	 2.012585e+04 	 1.137898e+04 	 7.248708e+02 
4.689121e-02 	 2.017711e+04 	 1.174206e+04 	 8.154647e+02 	 1.998904e+04 	 1.129628e+04 	 7.185660e+02 
4.721079e-02 	 2.004463e+04 	 1.166407e+04 	 8.098678e+02 	 1.985529e+04 	 1.121532e+04 	 7.123727e+02 
4.753255e-02 	 1.991526e+04 	 1.158789e+04 	 8.043961e+02 	 1.972462e+04 	 1.113610e+04 	 7.062914e+02 
4.785651e-02 	 1.978900e+04 	 1.151353e+04 	 7.990503e+02 	 1.959703e+04 	 1.105861e+04 	 7.003218e+02 
4.818267e-02 	 1.966588e+04 	 1.144099e+04 	 7.938308e+02 	 1.947254e+04 	 1.098288e+04 	 6.944640e+02 
4.851105e-02 	 1.954589e+04 	 1.137027e+04 	 7.887376e+02 	 1.935116e+04 	 1.090889e+04 	 6.887175e+02 
4.884168e-02 	 1.942903e+04 	 1.130137e+04 	 7.837703e+02 	 1.923287e+04 	 1.083664e+04 	 6.830814e+02 
4.917455e-02 	 1.931530e+04 	 1.123428e+04 	 7.789285e+02 	 1.911767e+04 	 1.076613e+04 	 6.775551e+02 
4.950970e-02 	 1.920467e+04 	 1.116900e+04 	 7.742119e+02 	 1.900554e+04 	 1.069734e+04 	 6.721373e+02 
4.984713e-02 	 1.909715e+04 	 1.110553e+04 	 7.696198e+02 	 1.889648e+04 	 1.063027e+04 	 6.668273e+02 
5.018685e-02 	 1.899272e+04 	 1.104384e+04 	 7.651515e+02 	 1.879047e+04 	 1.056490e+04 	 6.616241e+02 
5.052890e-02 	 1.889136e+04 	 1.098395e+04 	 7.608068e+02 	 1.868751e+04 	 1.050123e+04 	 6.565266e+02 
5.087327e-02 	 1.879311e+04 	 1.092586e+04 	 7.565862e+02 	 1.858761e+04 	 1.043928e+04 	 6.515349e+02 
5.121999e-02 	 1.869799e+04 	 1.086958e+04 	 7.524907e+02 	 1.849079e+04 	 1.037903e+04 	 6.466491e+02 
5.156908e-02 	 1.860601e+04 	 1.081513e+04 	 7.485211e+02 	 1.839707e+04 	 1.032052e+04 	 6.418696e+02 
5.192054e-02 	 1.851721e+04 	 1.076252e+04 	 7.446781e+02 	 1.830649e+04 	 1.026374e+04 	 6.371961e+02 
5.227440e-02 	 1.843160e+04 	 1.071176e+04 	 7.409625e+02 	 1.821905e+04 	 1.020870e+04 	 6.326289e+02 
5.263067e-02 	 1.834921e+04 	 1.066287e+04 	 7.373748e+02 	 1.813478e+04 	 1.015542e+04 	 6.281677e+02 
5.298937e-02 	 1.826998e+04 	 1.061581e+04 	 7.339134e+02 	 1.805363e+04 	 1.010386e+04 	 6.238104e+02 
5.335052e-02 	 1.819380e+04 	 1.057051e+04 	 7.305727e+02 	 1.797547e+04 	 1.005394e+04 	 6.195516e+02 
5.371412e-02 	 1.812050e+04 	 1.052689e+04 	 7.273468e+02 	 1.790015e+04 	 1.000559e+04 	 6.153858e+02 
5.408021e-02 	 1.804995e+04 	 1.048485e+04 	 7.242291e+02 	 1.782753e+04 	 9.958714e+03 	 6.113067e+02 
5.444879e-02 	 1.798197e+04 	 1.044431e+04 	 7.212132e+02 	 1.775743e+04 	 9.913216e+03 	 6.073083e+02 
5.481988e-02 	 1.791639e+04 	 1.040515e+04 	 7.182920e+02 	 1.768969e+04 	 9.868999e+03 	 6.033841e+02 
5.519350e-02 	 1.785304e+04 	 1.036727e+04 	 7.154580e+02 	 1.762412e+04 	 9.825961e+03 	 5.995272e+02 
5.556966e-02 	 1.779164e+04 	 1.033053e+04 	 7.127008e+02 	 1.756048e+04 	 9.783955e+03 	 5.957285e+02 
5.594839e-02 	 1.773188e+04 	 1.029473e+04 	 7.100072e+02 	 1.749843e+04 	 9.742799e+03 	 5.919765e+02 
5.632970e-02 	 1.767342e+04 	 1.025968e+04 	 7.073634e+02 	 1.743764e+04 	 9.702305e+03 	 5.882594e+02 
5.671361e-02 	 1.761590e+04 	 1.022516e+04 	 7.047551e+02 	 1.737775e+04 	 9.662272e+03 	 5.845649e+02 
5.710014e-02 	 1.755894e+04 	 1.019096e+04 	 7.021673e+02 	 1.731840e+04 	 9.622497e+03 	 5.808805e+02 
5.748930e-02 	 1.750215e+04 	 1.015685e+04 	 6.995845e+02 	 1.725921e+04 	 9.582766e+03 	 5.771932e+02 
5.788111e-02 	 1.744516e+04 	 1.012262e+04 	 6.969912e+02 	 1.719979e+04 	 9.542866e+03 	 5.734903e+02 
5.827560e-02 	 1.738769e+04 	 1.008810e+04 	 6.943769e+02 	 1.713988e+04 	 9.502653e+03 	 5.697633e+02 
5.867277e-02 	 1.732954e+04 	 1.005318e+04 	 6.917331e+02 	 1.707927e+04 	 9.462012e+03 	 5.660053e+02 
5.907265e-02 	 1.727049e+04 	 1.001773e+04 	 6.890511e+02 	 1.701776e+04 	 9.420826e+03 	 5.622097e+02 
5.947525e-02 	 1.721030e+04 	 9.981610e+03 	 6.863220e+02 	 1.695511e+04 	 9.378972e+03 	 5.583692e+02 
5.988060e-02 	 1.714875e+04 	 9.944692e+03 	 6.835363e+02 	 1.689110e+04 	 9.336321e+03 	 5.544768e+02 
6.028871e-02 	 1.708559e+04 	 9.906830e+03 	 6.806843e+02 	 1.682548e+04 	 9.292744e+03 	 5.505249e+02 
6.069960e-02 	 1.702058e+04 	 9.867890e+03 	 6.777567e+02 	 1.675802e+04 	 9.248114e+03 	 5.465067e+02 
6.111329e-02 	 1.695354e+04 	 9.827772e+03 	 6.747469e+02 	 1.668856e+04 	 9.202341e+03 	 5.424174e+02 
6.152981e-02 	 1.688433e+04 	 9.786384e+03 	 6.716487e+02 	 1.661693e+04 	 9.155344e+03 	 5.382527e+02 
6.194916e-02 	 1.681278e+04 	 9.743632e+03 	 6.684556e+02 	 1.654299e+04 	 9.107036e+03 	 5.340082e+02 
6.237137e-02 	 1.673872e+04 	 9.699419e+03 	 6.651610e+02 	 1.646656e+04 	 9.057331e+03 	 5.296795e+02 
6.279645e-02 	 1.666197e+04 	 9.653643e+03 	 6.617582e+02 	 1.638747e+04 	 9.006137e+03 	 5.252622e+02 
6.322443e-02 	 1.658235e+04 	 9.606200e+03 	 6.582401e+02 	 1.630555e+04 	 8.953362e+03 	 5.207515e+02 
6.365534e-02 	 1.649969e+04 	 9.556991e+03 	 6.546001e+02 	 1.622064e+04 	 8.898919e+03 	 5.161434e+02 
6.408917e-02 	 1.641385e+04 	 9.505932e+03 	 6.508327e+02 	 1.613258e+04 	 8.842735e+03 	 5.114346e+02 
6.452597e-02 	 1.632468e+04 	 9.452941e+03 	 6.469323e+02 	 1.604124e+04 	 8.784739e+03 	 5.066219e+02 
6.496574e-02 	 1.623202e+04 	 9.397932e+03 	 6.428932e+02 	 1.594647e+04 	 8.724857e+03 	 5.017022e+02 
6.540850e-02 	 1.613573e+04 	 9.340816e+03 	 6.387097e+02 	 1.584813e+04 	 8.663013e+03 	 4.966722e+02 
6.585429e-02 	 1.603565e+04 	 9.281503e+03 	 6.343756e+02 	 1.574607e+04 	 8.599130e+03 	 4.915289e+02 
6.630311e-02 	 1.593162e+04 	 9.219901e+03 	 6.298850e+02 	 1.564012e+04 	 8.533130e+03 	 4.862689e+02 
6.675500e-02 	 1.582359e+04 	 9.155983e+03 	 6.252362e+02 	 1.553025e+04 	 8.464996e+03 	 4.808926e+02 
6.720996e-02 	 1.571163e+04 	 9.089798e+03 	 6.204329e+02 	 1.541653e+04 	 8.394780e+03 	 4.754045e+02 
6.766802e-02 	 1.559585e+04 	 9.021402e+03 	 6.154791e+02 	 1.529907e+04 	 8.322544e+03 	 4.698093e+02 
6.812921e-02 	 1.547636e+04 	 8.950856e+03 	 6.103791e+02 	 1.517797e+04 	 8.248349e+03 	 4.641119e+02 
6.859354e-02 	 1.535324e+04 	 8.878223e+03 	 6.051376e+02 	 1.505334e+04 	 8.172263e+03 	 4.583174e+02 
6.906103e-02 	 1.522663e+04 	 8.803569e+03 	 5.997594e+02 	 1.492529e+04 	 8.094355e+03 	 4.524312e+02 
6.953171e-02 	 1.509664e+04 	 8.726969e+03 	 5.942497e+02 	 1.479395e+04 	 8.014701e+03 	 4.464587e+02 
7.000559e-02 	 1.496349e+04 	 8.648550e+03 	 5.886174e+02 	 1.465954e+04 	 7.933425e+03 	 4.404082e+02 
7.048271e-02 	 1.482747e+04 	 8.568476e+03 	 5.828739e+02 	 1.452233e+04 	 7.850686e+03 	 4.342899e+02 
7.096308e-02 	 1.468887e+04 	 8.486919e+03 	 5.770312e+02 	 1.438262e+04 	 7.766647e+03 	 4.281140e+02 
7.144672e-02 	 1.454800e+04 	 8.404059e+03 	 5.711016e+02 	 1.424071e+04 	 7.681481e+03 	 4.218911e+02 
7.193366e-02 	 1.440519e+04 	 8.320083e+03 	 5.650982e+02 	 1.409692e+04 	 7.595364e+03 	 4.156321e+02 
7.242392e-02 	 1.426076e+04 	 8.235186e+03 	 5.590343e+02 	 1.395159e+04 	 7.508482e+03 	 4.093479e+02 
7.291751e-02 	 1.411505e+04 	 8.149560e+03 	 5.529231e+02 	 1.380504e+04 	 7.421012e+03 	 4.030492e+02 
7.341448e-02 	 1.396828e+04 	 8.063331e+03 	 5.467734e+02 	 1.365748e+04 	 7.333076e+03 	 3.967434e+02 
7.391483e-02 	 1.382063e+04 	 7.976605e+03 	 5.405924e+02 	 1.350910e+04 	 7.244774e+03 	 3.904367e+02 
7.441859e-02 	 1.367229e+04 	 7.889495e+03 	 5.343880e+02 	 1.336008e+04 	 7.156213e+03 	 3.841355e+02 
7.492578e-02 	 1.352346e+04 	 7.802116e+03 	 5.281679e+02 	 1.321062e+04 	 7.067500e+03 	 3.778462e+02 
7.543643e-02 	 1.337436e+04 	 7.714588e+03 	 5.219406e+02 	 1.306093e+04 	 6.978748e+03 	 3.715754e+02 
7.595056e-02 	 1.322519e+04 	 7.627036e+03 	 5.157145e+02 	 1.291121e+04 	 6.890074e+03 	 3.653299e+02 
7.646819e-02 	 1.307615e+04 	 7.539579e+03 	 5.094977e+02 	 1.276167e+04 	 6.801586e+03 	 3.591159e+02 
7.698935e-02 	 1.292742e+04 	 7.452306e+03 	 5.032965e+02 	 1.261247e+04 	 6.713369e+03 	 3.529382e+02 
7.751407e-02 	 1.277913e+04 	 7.365304e+03 	 4.971166e+02 	 1.246374e+04 	 6.625503e+03 	 3.468012e+02 
7.804236e-02 	 1.263144e+04 	 7.278664e+03 	 4.909643e+02 	 1.231564e+04 	 6.538070e+03 	 3.407098e+02 
7.857425e-02 	 1.248451e+04 	 7.192479e+03 	 4.848459e+02 	 1.216833e+04 	 6.451155e+03 	 3.346684e+02 
7.910976e-02 	 1.233852e+04 	 7.106846e+03 	 4.787679e+02 	 1.202198e+04 	 6.364848e+03 	 3.286820e+02 
7.964893e-02 	 1.219363e+04 	 7.021866e+03 	 4.727372e+02 	 1.187675e+04 	 6.279237e+03 	 3.227551e+02 
8.019177e-02 	 1.205000e+04 	 6.937626e+03 	 4.667598e+02 	 1.173279e+04 	 6.194403e+03 	 3.168920e+02 
8.073831e-02 	 1.190775e+04 	 6.854199e+03 	 4.608403e+02 	 1.159023e+04 	 6.110409e+03 	 3.110958e+02 
8.128857e-02 	 1.176701e+04 	 6.771652e+03 	 4.549834e+02 	 1.144917e+04 	 6.027316e+03 	 3.053696e+02 
8.184259e-02 	 1.162790e+04 	 6.690060e+03 	 4.491941e+02 	 1.130975e+04 	 5.945188e+03 	 2.997165e+02 
8.240038e-02 	 1.149054e+04 	 6.609497e+03 	 4.434772e+02 	 1.117209e+04 	 5.864090e+03 	 2.941397e+02 
8.296197e-02 	 1.135509e+04 	 6.530039e+03 	 4.378379e+02 	 1.103632e+04 	 5.784089e+03 	 2.886421e+02 
8.352739e-02 	 1.122166e+04 	 6.451765e+03 	 4.322813e+02 	 1.090257e+04 	 5.705251e+03 	 2.832269e+02 
8.409666e-02 	 1.109034e+04 	 6.374718e+03 	 4.268104e+02 	 1.077092e+04 	 5.627614e+03 	 2.778955e+02 
8.466982e-02 	 1.096115e+04 	 6.298914e+03 	 4.214259e+02 	 1.064138e+04 	 5.551188e+03 	 2.726481e+02 
8.524687e-02 	 1.083412e+04 	 6.224364e+03 	 4.161288e+02 	 1.051399e+04 	 5.475981e+03 	 2.674846e+02 
8.582787e-02 	 1.070927e+04 	 6.151081e+03 	 4.109196e+02 	 1.038875e+04 	 5.402001e+03 	 2.624049e+02 
8.641282e-02 	 1.058662e+04 	 6.079078e+03 	 4.057991e+02 	 1.026570e+04 	 5.329256e+03 	 2.574091e+02 
8.700176e-02 	 1.046619e+04 	 6.008366e+03 	 4.007680e+02 	 1.014484e+04 	 5.257754e+03 	 2.524969e+02 
8.759471e-02 	 1.034800e+04 	 5.938954e+03 	 3.958268e+02 	 1.002621e+04 	 5.187498e+03 	 2.476681e+02 
8.819170e-02 	 1.023202e+04 	 5.870828e+03 	 3.909745e+02 	 9.909756e+03 	 5.118473e+03 	 2.429215e+02 
8.879277e-02 	 1.011822e+04 	 5.803960e+03 	 3.862089e+02 	 9.795449e+03 	 5.050650e+03 	 2.382551e+02 
8.939792e-02 	 1.000653e+04 	 5.738320e+03 	 3.815282e+02 	 9.683234e+03 	 4.984002e+03 	 2.336671e+02 
9.000721e-02 	 9.896900e+03 	 5.673877e+03 	 3.769300e+02 	 9.573057e+03 	 4.918496e+03 	 2.291556e+02 
9.062064e-02 	 9.789278e+03 	 5.610597e+03 	 3.724120e+02 	 9.464861e+03 	 4.854101e+03 	 2.247187e+02 
9.123826e-02 	 9.683601e+03 	 5.548445e+03 	 3.679717e+02 	 9.358587e+03 	 4.790783e+03 	 2.203542e+02 
9.186009e-02 	 9.579810e+03 	 5.487388e+03 	 3.636070e+02 	 9.254177e+03 	 4.728510e+03 	 2.160602e+02 
9.248615e-02 	 9.477880e+03 	 5.427408e+03 	 3.593165e+02 	 9.151603e+03 	 4.667265e+03 	 2.118356e+02 
9.311648e-02 	 9.377787e+03 	 5.368494e+03 	 3.550993e+02 	 9.050844e+03 	 4.607034e+03 	 2.076793e+02 
9.375111e-02 	 9.279509e+03 	 5.310631e+03 	 3.509543e+02 	 8.951874e+03 	 4.547801e+03 	 2.035902e+02 
9.439006e-02 	 9.183019e+03 	 5.253804e+03 	 3.468806e+02 	 8.854669e+03 	 4.489551e+03 	 1.995670e+02 
9.503336e-02 	 9.088290e+03 	 5.197997e+03 	 3.428768e+02 	 8.759199e+03 	 4.432266e+03 	 1.956086e+02 
9.568106e-02 	 8.995291e+03 	 5.143191e+03 	 3.389417e+02 	 8.665434e+03 	 4.375927e+03 	 1.917138e+02 
9.633316e-02 	 8.903991e+03 	 5.089368e+03 	 3.350739e+02 	 8.573342e+03 	 4.320517e+03 	 1.878813e+02 
9.698971e-02 	 8.814355e+03 	 5.036507e+03 	 3.312721e+02 	 8.482889e+03 	 4.266014e+03 	 1.841098e+02 
9.765073e-02 	 8.726348e+03 	 4.984588e+03 	 3.275346e+02 	 8.394039e+03 	 4.212398e+03 	 1.803981e+02 
9.831626e-02 	 8.639929e+03 	 4.933588e+03 	 3.238600e+02 	 8.306752e+03 	 4.159646e+03 	 1.767447e+02 
9.898633e-02 	 8.555059e+03 	 4.883482e+03 	 3.202465e+02 	 8.220989e+03 	 4.107736e+03 	 1.731483e+02 
9.966096e-02 	 8.471693e+03 	 4.834246e+03 	 3.166924e+02 	 8.136705e+03 	 4.056642e+03 	 1.696075e+02 
1.003402e-01 	 8.389785e+03 	 4.785852e+03 	 3.131957e+02 	 8.053855e+03 	 4.006340e+03 	 1.661208e+02 
1.010241e-01 	 8.309312e+03 	 4.738287e+03 	 3.097557e+02 	 7.972417e+03 	 3.956815e+03 	 1.626875e+02 
1.017126e-01 	 8.230284e+03 	 4.691555e+03 	 3.063723e+02 	 7.892397e+03 	 3.908069e+03 	 1.593070e+02 
1.024058e-01 	 8.152710e+03 	 4.645662e+03 	 3.030459e+02 	 7.813803e+03 	 3.860103e+03 	 1.559792e+02 
1.031037e-01 	 8.076599e+03 	 4.600611e+03 	 2.997767e+02 	 7.736644e+03 	 3.812917e+03 	 1.527037e+02 
1.038064e-01 	 8.001961e+03 	 4.556409e+03 	 2.965648e+02 	 7.660925e+03 	 3.766513e+03 	 1.494801e+02 
1.045139e-01 	 7.928803e+03 	 4.513058e+03 	 2.934104e+02 	 7.586654e+03 	 3.720890e+03 	 1.463081e+02 
1.052262e-01 	 7.857125e+03 	 4.470559e+03 	 2.903134e+02 	 7.513830e+03 	 3.676044e+03 	 1.431871e+02 
1.059434e-01 	 7.786838e+03 	 4.428858e+03 	 2.872702e+02 	 7.442364e+03 	 3.631930e+03 	 1.401149e+02 
1.066654e-01 	 7.717783e+03 	 4.387867e+03 	 2.842750e+02 	 7.372105e+03 	 3.588472e+03 	 1.370882e+02 
1.073924e-01 	 7.649797e+03 	 4.347491e+03 	 2.813214e+02 	 7.302894e+03 	 3.545588e+03 	 1.341037e+02 
1.081243e-01 	 7.582706e+03 	 4.307631e+03 	 2.784031e+02 	 7.234566e+03 	 3.503197e+03 	 1.311581e+02 
1.088612e-01 	 7.516329e+03 	 4.268185e+03 	 2.755134e+02 	 7.166946e+03 	 3.461214e+03 	 1.282482e+02 
1.096031e-01 	 7.450479e+03 	 4.229045e+03 	 2.726453e+02 	 7.099857e+03 	 3.419552e+03 	 1.253707e+02 
1.103501e-01 	 7.384993e+03 	 4.190120e+03 	 2.697929e+02 	 7.033143e+03 	 3.378136e+03 	 1.225229e+02 
1.111022e-01 	 7.319911e+03 	 4.151431e+03 	 2.669577e+02 	 6.966842e+03 	 3.336986e+03 	 1.197058e+02 
1.118594e-01 	 7.255352e+03 	 4.113047e+03 	 2.641440e+02 	 6.901068e+03 	 3.296155e+03 	 1.169213e+02 
1.126218e-01 	 7.191437e+03 	 4.075036e+03 	 2.613562e+02 	 6.835936e+03 	 3.255699e+03 	 1.141716e+02 
1.133894e-01 	 7.128294e+03 	 4.037471e+03 	 2.585990e+02 	 6.771567e+03 	 3.215675e+03 	 1.114584e+02 
1.141621e-01 	 7.066056e+03 	 4.000426e+03 	 2.558770e+02 	 6.708086e+03 	 3.176140e+03 	 1.087839e+02 
1.149402e-01 	 7.004860e+03 	 3.963978e+03 	 2.531951e+02 	 6.645623e+03 	 3.137154e+03 	 1.061497e+02 
1.157236e-01 	 6.944783e+03 	 3.928171e+03 	 2.505561e+02 	 6.584251e+03 	 3.098750e+03 	 1.035568e+02 
1.165123e-01 	 6.885708e+03 	 3.892938e+03 	 2.479555e+02 	 6.523856e+03 	 3.060870e+03 	 1.010030e+02 
1.173064e-01 	 6.827474e+03 	 3.858188e+03 	 2.453874e+02 	 6.464285e+03 	 3.023442e+03 	 9.848573e+01 
1.181058e-01 	 6.769913e+03 	 3.823824e+03 	 2.428457e+02 	 6.405378e+03 	 2.986390e+03 	 9.600236e+01 
1.189108e-01 	 6.712848e+03 	 3.789748e+03 	 2.403241e+02 	 6.346968e+03 	 2.949633e+03 	 9.355037e+01 
1.197212e-01 	 6.656097e+03 	 3.755855e+03 	 2.378160e+02 	 6.288883e+03 	 2.913093e+03 	 9.112731e+01 
1.205372e-01 	 6.599469e+03 	 3.722040e+03 	 2.353146e+02 	 6.230942e+03 	 2.876687e+03 	 8.873081e+01 
1.213587e-01 	 6.542840e+03 	 3.688231e+03 	 2.328155e+02 	 6.173030e+03 	 2.840362e+03 	 8.635954e+01 
1.221858e-01 	 6.486203e+03 	 3.654426e+03 	 2.303187e+02 	 6.115140e+03 	 2.804118e+03 	 8.401384e+01 
1.230185e-01 	 6.429564e+03 	 3.620627e+03 	 2.278243e+02 	 6.057277e+03 	 2.767960e+03 	 8.169417e+01 
1.238569e-01 	 6.372926e+03 	 3.586837e+03 	 2.253327e+02 	 5.999449e+03 	 2.731892e+03 	 7.940100e+01 
1.247011e-01 	 6.316295e+03 	 3.553061e+03 	 2.228441e+02 	 5.941659e+03 	 2.695918e+03 	 7.713480e+01 
1.255510e-01 	 6.259676e+03 	 3.519299e+03 	 2.203588e+02 	 5.883914e+03 	 2.660043e+03 	 7.489603e+01 
1.264066e-01 	 6.203072e+03 	 3.485557e+03 	 2.178770e+02 	 5.826219e+03 	 2.624271e+03 	 7.268511e+01 
1.272682e-01 	 6.146467e+03 	 3.451822e+03 	 2.153981e+02 	 5.768556e+03 	 2.588597e+03 	 7.050224e+01 
1.281355e-01 	 6.089819e+03 	 3.418075e+03 	 2.129210e+02 	 5.710891e+03 	 2.553007e+03 	 6.834735e+01 
1.290088e-01 	 6.033089e+03 	 3.384292e+03 	 2.104443e+02 	 5.653186e+03 	 2.517487e+03 	 6.622041e+01 
1.298881e-01 	 5.976233e+03 	 3.350449e+03 	 2.079665e+02 	 5.595401e+03 	 2.482021e+03 	 6.412140e+01 
1.307733e-01 	 5.919204e+03 	 3.316521e+03 	 2.054863e+02 	 5.537494e+03 	 2.446595e+03 	 6.205031e+01 
1.316646e-01 	 5.861956e+03 	 3.282482e+03 	 2.030022e+02 	 5.479424e+03 	 2.411192e+03 	 6.000716e+01 
1.325619e-01 	 5.804446e+03 	 3.248309e+03 	 2.005129e+02 	 5.421152e+03 	 2.375799e+03 	 5.799205e+01 
1.334654e-01 	 5.746682e+03 	 3.214008e+03 	 1.980187e+02 	 5.362686e+03 	 2.340424e+03 	 5.600561e+01 
1.343750e-01 	 5.688700e+03 	 3.179598e+03 	 1.955213e+02 	 5.304062e+03 	 2.305086e+03 	 5.404872e+01 
1.352909e-01 	 5.630538e+03 	 3.145103e+03 	 1.930219e+02 	 5.245318e+03 	 2.269804e+03 	 5.212224e+01 
1.362129e-01 	 5.572237e+03 	 3.110545e+03 	 1.905223e+02 	 5.186492e+03 	 2.234599e+03 	 5.022699e+01 
1.371413e-01 	 5.513836e+03 	 3.075947e+03 	 1.880239e+02 	 5.127624e+03 	 2.199490e+03 	 4.836377e+01 
1.380759e-01 	 5.455379e+03 	 3.041334e+03 	 1.855283e+02 	 5.068754e+03 	 2.164498e+03 	 4.653333e+01 
1.390170e-01 	 5.396909e+03 	 3.006731e+03 	 1.830372e+02 	 5.009924e+03 	 2.129643e+03 	 4.473638e+01 
1.399644e-01 	 5.338468e+03 	 2.972161e+03 	 1.805521e+02 	 4.951174e+03 	 2.094946e+03 	 4.297356e+01 
1.409184e-01 	 5.280097e+03 	 2.937648e+03 	 1.780745e+02 	 4.892544e+03 	 2.060426e+03 	 4.124548e+01 
1.418788e-01 	 5.221840e+03 	 2.903217e+03 	 1.756061e+02 	 4.834076e+03 	 2.026101e+03 	 3.955268e+01 
1.428457e-01 	 5.163743e+03 	 2.868893e+03 	 1.731485e+02 	 4.775812e+03 	 1.991992e+03 	 3.789569e+01 
1.438193e-01 	 5.105852e+03 	 2.834703e+03 	 1.707033e+02 	 4.717795e+03 	 1.958119e+03 	 3.627498e+01 
1.447995e-01 	 5.048215e+03 	 2.800673e+03 	 1.682722e+02 	 4.660072e+03 	 1.924502e+03 	 3.469100e+01 
1.457863e-01 	 4.990877e+03 	 2.766830e+03 	 1.658567e+02 	 4.602685e+03 	 1.891159e+03 	 3.314409e+01 
1.467799e-01 	 4.933872e+03 	 2.733191e+03 	 1.634582e+02 	 4.545664e+03 	 1.858105e+03 	 3.163448e+01 
1.477803e-01 	 4.877235e+03 	 2.699776e+03 	 1.610776e+02 	 4.489043e+03 	 1.825352e+03 	 3.016238e+01 
1.487875e-01 	 4.820998e+03 	 2.666604e+03 	 1.587163e+02 	 4.432851e+03 	 1.792915e+03 	 2.872793e+01 
1.498015e-01 	 4.765199e+03 	 2.633695e+03 	 1.563753e+02 	 4.377123e+03 	 1.760807e+03 	 2.733125e+01 
1.508225e-01 	 4.709873e+03 	 2.601069e+03 	 1.540559e+02 	 4.321892e+03 	 1.729041e+03 	 2.597244e+01 
1.518504e-01 	 4.655059e+03 	 2.568747e+03 	 1.517594e+02 	 4.267192e+03 	 1.697631e+03 	 2.465154e+01 
1.528853e-01 	 4.600787e+03 	 2.536745e+03 	 1.494866e+02 	 4.213051e+03 	 1.666588e+03 	 2.336852e+01 
1.539273e-01 	 4.547076e+03 	 2.505075e+03 	 1.472383e+02 	 4.159488e+03 	 1.635917e+03 	 2.212328e+01 
1.549764e-01 	 4.493948e+03 	 2.473747e+03 	 1.450151e+02 	 4.106521e+03 	 1.605626e+03 	 2.091567e+01 
1.560326e-01 	 4.441422e+03 	 2.442773e+03 	 1.428175e+02 	 4.054167e+03 	 1.575720e+03 	 1.974554e+01 
1.570960e-01 	 4.389521e+03 	 2.412164e+03 	 1.406462e+02 	 4.002446e+03 	 1.546205e+03 	 1.861271e+01 
1.581667e-01 	 4.338265e+03 	 2.381932e+03 	 1.385018e+02 	 3.951376e+03 	 1.517087e+03 	 1.751698e+01 
1.592447e-01 	 4.287675e+03 	 2.352088e+03 	 1.363850e+02 	 3.900977e+03 	 1.488373e+03 	 1.645812e+01 
1.603300e-01 	 4.237773e+03 	 2.322642e+03 	 1.342962e+02 	 3.851267e+03 	 1.460066e+03 	 1.543588e+01 
1.614227e-01 	 4.188578e+03 	 2.293606e+03 	 1.322361e+02 	 3.802261e+03 	 1.432172e+03 	 1.444999e+01 
1.625229e-01 	 4.140109e+03 	 2.264989e+03 	 1.302051e+02 	 3.753977e+03 	 1.404694e+03 	 1.350015e+01 
1.636305e-01 	 4.092387e+03 	 2.236803e+03 	 1.282038e+02 	 3.706432e+03 	 1.377636e+03 	 1.258608e+01 
1.647457e-01 	 4.045431e+03 	 2.209057e+03 	 1.262327e+02 	 3.659643e+03 	 1.351002e+03 	 1.170743e+01 
1.658685e-01 	 3.999263e+03 	 2.181762e+03 	 1.242922e+02 	 3.613628e+03 	 1.324797e+03 	 1.086388e+01 
1.669990e-01 	 3.953900e+03 	 2.154927e+03 	 1.223828e+02 	 3.568401e+03 	 1.299021e+03 	 1.005507e+01 
1.681372e-01 	 3.909334e+03 	 2.128547e+03 	 1.205040e+02 	 3.523953e+03 	 1.273670e+03 	 9.280563e+00 
1.692831e-01 	 3.865544e+03 	 2.102611e+03 	 1.186552e+02 	 3.480265e+03 	 1.248732e+03 	 8.539922e+00 
1.704368e-01 	 3.822512e+03 	 2.077106e+03 	 1.168354e+02 	 3.437318e+03 	 1.224197e+03 	 7.832711e+00 
1.715984e-01 	 3.780214e+03 	 2.052021e+03 	 1.150440e+02 	 3.395091e+03 	 1.200056e+03 	 7.158512e+00 
1.727679e-01 	 3.738629e+03 	 2.027343e+03 	 1.132800e+02 	 3.353561e+03 	 1.176297e+03 	 6.516919e+00 
1.739454e-01 	 3.697732e+03 	 2.003057e+03 	 1.115426e+02 	 3.312706e+03 	 1.152910e+03 	 5.907541e+00 
1.751309e-01 	 3.657497e+03 	 1.979149e+03 	 1.098309e+02 	 3.272502e+03 	 1.129883e+03 	 5.330004e+00 
1.763245e-01 	 3.617903e+03 	 1.955608e+03 	 1.081441e+02 	 3.232928e+03 	 1.107207e+03 	 4.783953e+00 
1.775262e-01 	 3.578925e+03 	 1.932418e+03 	 1.064814e+02 	 3.193962e+03 	 1.084872e+03 	 4.269046e+00 
1.787361e-01 	 3.540540e+03 	 1.909568e+03 	 1.048419e+02 	 3.155580e+03 	 1.062867e+03 	 3.784954e+00 
1.799543e-01 	 3.502721e+03 	 1.887041e+03 	 1.032247e+02 	 3.117758e+03 	 1.041183e+03 	 3.331361e+00 
1.811808e-01 	 3.465441e+03 	 1.864823e+03 	 1.016289e+02 	 3.080472e+03 	 1.019807e+03 	 2.907965e+00 
1.824156e-01 	 3.428670e+03 	 1.842898e+03 	 1.000537e+02 	 3.043694e+03 	 9.987309e+02 	 2.514473e+00 
1.836588e-01 	 3.392385e+03 	 1.821253e+03 	 9.849813e+01 	 3.007402e+03 	 9.779439e+02 	 2.150610e+00 
1.849105e-01 	 3.356568e+03 	 1.799877e+03 	 9.696168e+01 	 2.971579e+03 	 9.574398e+02 	 1.816114e+00 
1.861708e-01 	 3.321202e+03 	 1.778761e+03 	 9.544382e+01 	 2.936212e+03 	 9.372119e+02 	 1.510728e+00 
1.874396e-01 	 3.286271e+03 	 1.757897e+03 	 9.394395e+01 	 2.901283e+03 	 9.172536e+02 	 1.234200e+00 
1.887171e-01 	 3.251755e+03 	 1.737273e+03 	 9.246150e+01 	 2.866776e+03 	 8.975582e+02 	 9.862833e-01 
1.900033e-01 	 3.217635e+03 	 1.716878e+03 	 9.099584e+01 	 2.832673e+03 	 8.781188e+02 	 7.667333e-01 
1.912982e-01 	 3.183890e+03 	 1.696703e+03 	 8.954637e+01 	 2.798954e+03 	 8.589286e+02 	 5.753088e-01 
1.926020e-01 	 3.150504e+03 	 1.676737e+03 	 8.811255e+01 	 2.765606e+03 	 8.399819e+02 	 4.117708e-01 
1.939146e-01 	 3.117462e+03 	 1.656972e+03 	 8.669399e+01 	 2.732615e+03 	 8.212739e+02 	 2.758810e-01 
1.952363e-01 	 3.084751e+03 	 1.637403e+03 	 8.529025e+01 	 2.699969e+03 	 8.028000e+02 	 1.673995e-01 
1.965669e-01 	 3.052357e+03 	 1.618019e+03 	 8.390092e+01 	 2.667655e+03 	 7.845555e+02 	 8.608450e-02 
1.979066e-01 	 3.020263e+03 	 1.598814e+03 	 8.252555e+01 	 2.635658e+03 	 7.665357e+02 	 3.169082e-02 
1.992554e-01 	 2.988452e+03 	 1.579778e+03 	 8.116366e+01 	 2.603965e+03 	 7.487358e+02 	 3.969493e-03 
2.006134e-01 	 2.956909e+03 	 1.560902e+03 	 7.981482e+01 	 2.572560e+03 	 7.311509e+02 	 2.666347e-03 
2.019806e-01 	 2.925620e+03 	 1.542179e+03 	 7.847866e+01 	 2.541432e+03 	 7.137776e+02 	 2.752084e-02 
2.033572e-01 	 2.894574e+03 	 1.523604e+03 	 7.715489e+01 	 2.510571e+03 	 6.966128e+02 	 7.826499e-02 
2.047432e-01 	 2.863759e+03 	 1.505170e+03 	 7.584323e+01 	 2.479967e+03 	 6.796534e+02 	 1.546224e-01 
2.061386e-01 	 2.833163e+03 	 1.486872e+03 	 7.454336e+01 	 2.449609e+03 	 6.628965e+02 	 2.563074e-01 
2.075435e-01 	 2.802773e+03 	 1.468701e+03 	 7.325496e+01 	 2.419486e+03 	 6.463390e+02 	 3.830237e-01 
2.089580e-01 	 2.772574e+03 	 1.450651e+03 	 7.197771e+01 	 2.389587e+03 	 6.299778e+02 	 5.344630e-01 
2.103821e-01 	 2.742557e+03 	 1.432717e+03 	 7.071135e+01 	 2.359901e+03 	 6.138104e+02 	 7.103049e-01 
2.118160e-01 	 2.712721e+03 	 1.414898e+03 	 6.945595e+01 	 2.330430e+03 	 5.978375e+02 	 9.102192e-01 
2.132596e-01 	 2.683074e+03 	 1.397199e+03 	 6.821171e+01 	 2.301179e+03 	 5.820605e+02 	 1.133867e+00 
2.147130e-01 	 2.653620e+03 	 1.379622e+03 	 6.697880e+01 	 2.272153e+03 	 5.664807e+02 	 1.380903e+00 
2.161764e-01 	 2.624365e+03 	 1.362171e+03 	 6.575741e+01 	 2.243357e+03 	 5.510993e+02 	 1.650970e+00 
2.176497e-01 	 2.595315e+03 	 1.344848e+03 	 6.454769e+01 	 2.214796e+03 	 5.359176e+02 	 1.943707e+00 
2.191331e-01 	 2.566475e+03 	 1.327657e+03 	 6.334983e+01 	 2.186474e+03 	 5.209365e+02 	 2.258747e+00 
2.206266e-01 	 2.537853e+03 	 1.310600e+03 	 6.216399e+01 	 2.158397e+03 	 5.061569e+02 	 2.595716e+00 
2.221302e-01 	 2.509452e+03 	 1.293681e+03 	 6.099031e+01 	 2.130570e+03 	 4.915795e+02 	 2.954235e+00 
2.236441e-01 	 2.481277e+03 	 1.276901e+03 	 5.982891e+01 	 2.102995e+03 	 4.772049e+02 	 3.333921e+00 
2.251684e-01 	 2.453335e+03 	 1.260264e+03 	 5.867994e+01 	 2.075677e+03 	 4.630334e+02 	 3.734387e+00 
2.267030e-01 	 2.425628e+03 	 1.243772e+03 	 5.754352e+01 	 2.048621e+03 	 4.490655e+02 	 4.155246e+00 
2.282481e-01 	 2.398164e+03 	 1.227428e+03 	 5.641976e+01 	 2.021829e+03 	 4.353014e+02 	 4.596105e+00 
2.298037e-01 	 2.370946e+03 	 1.211234e+03 	 5.530879e+01 	 1.995307e+03 	 4.217412e+02 	 5.056576e+00 
2.313699e-01 	 2.343980e+03 	 1.195192e+03 	 5.421071e+01 	 1.969059e+03 	 4.083848e+02 	 5.536265e+00 
2.329467e-01 	 2.317269e+03 	 1.179305e+03 	 5.312560e+01 	 1.943086e+03 	 3.952321e+02 	 6.034780e+00 
2.345344e-01 	 2.290818e+03 	 1.163575e+03 	 5.205354e+01 	 1.917393e+03 	 3.822826e+02 	 6.551731e+00 
2.361328e-01 	 2.264631e+03 	 1.148003e+03 	 5.099460e+01 	 1.891981e+03 	 3.695360e+02 	 7.086729e+00 
2.377422e-01 	 2.238712e+03 	 1.132592e+03 	 4.994885e+01 	 1.866855e+03 	 3.569916e+02 	 7.639388e+00 
2.393625e-01 	 2.213065e+03 	 1.117343e+03 	 4.891636e+01 	 1.842017e+03 	 3.446489e+02 	 8.209326e+00 
2.409938e-01 	 2.187693e+03 	 1.102258e+03 	 4.789717e+01 	 1.817470e+03 	 3.325070e+02 	 8.796165e+00 
2.426363e-01 	 2.162599e+03 	 1.087338e+03 	 4.689131e+01 	 1.793215e+03 	 3.205649e+02 	 9.399528e+00 
2.442900e-01 	 2.137786e+03 	 1.072584e+03 	 4.589877e+01 	 1.769254e+03 	 3.088212e+02 	 1.001904e+01 
2.459549e-01 	 2.113253e+03 	 1.057996e+03 	 4.491954e+01 	 1.745586e+03 	 2.972747e+02 	 1.065432e+01 
2.476312e-01 	 2.089003e+03 	 1.043575e+03 	 4.395360e+01 	 1.722213e+03 	 2.859238e+02 	 1.130501e+01 
2.493189e-01 	 2.065037e+03 	 1.029321e+03 	 4.300092e+01 	 1.699133e+03 	 2.747670e+02 	 1.197074e+01 
2.510181e-01 	 2.041356e+03 	 1.015234e+03 	 4.206149e+01 	 1.676349e+03 	 2.638027e+02 	 1.265116e+01 
2.527289e-01 	 2.017960e+03 	 1.001314e+03 	 4.113526e+01 	 1.653860e+03 	 2.530293e+02 	 1.334589e+01 
2.544513e-01 	 1.994851e+03 	 9.875619e+02 	 4.022221e+01 	 1.631665e+03 	 2.424450e+02 	 1.405462e+01 
2.561855e-01 	 1.972031e+03 	 9.739782e+02 	 3.932232e+01 	 1.609767e+03 	 2.320483e+02 	 1.477700e+01 
2.579315e-01 	 1.949501e+03 	 9.605632e+02 	 3.843556e+01 	 1.588166e+03 	 2.218372e+02 	 1.551271e+01 
2.596894e-01 	 1.927263e+03 	 9.473174e+02 	 3.756188e+01 	 1.566862e+03 	 2.118100e+02 	 1.626144e+01 
2.614593e-01 	 1.905319e+03 	 9.342410e+02 	 3.670126e+01 	 1.545855e+03 	 2.019647e+02 	 1.702289e+01 
2.632413e-01 	 1.883669e+03 	 9.213343e+02 	 3.585364e+01 	 1.525146e+03 	 1.922993e+02 	 1.779675e+01 
2.650354e-01 	 1.862314e+03 	 9.085968e+02 	 3.501894e+01 	 1.504733e+03 	 1.828117e+02 	 1.858275e+01 
2.668417e-01 	 1.841249e+03 	 8.960260e+02 	 3.419702e+01 	 1.484613e+03 	 1.734993e+02 	 1.938054e+01 
2.686603e-01 	 1.820469e+03 	 8.836188e+02 	 3.338770e+01 	 1.464780e+03 	 1.643592e+02 	 2.018980e+01 
2.704914e-01 	 1.799967e+03 	 8.713720e+02 	 3.259079e+01 	 1.445229e+03 	 1.553889e+02 	 2.101017e+01 
2.723349e-01 	 1.779739e+03 	 8.592821e+02 	 3.180611e+01 	 1.425954e+03 	 1.465856e+02 	 2.184130e+01 
2.741909e-01 	 1.759776e+03 	 8.473456e+02 	 3.103348e+01 	 1.406949e+03 	 1.379468e+02 	 2.268283e+01 
2.760597e-01 	 1.740072e+03 	 8.355586e+02 	 3.027270e+01 	 1.388207e+03 	 1.294699e+02 	 2.353437e+01 
2.779411e-01 	 1.720621e+03 	 8.239176e+02 	 2.952361e+01 	 1.369722e+03 	 1.211523e+02 	 2.439556e+01 
2.798354e-01 	 1.701418e+03 	 8.124201e+02 	 2.878606e+01 	 1.351491e+03 	 1.129918e+02 	 2.526604e+01 
2.817426e-01 	 1.682456e+03 	 8.010631e+02 	 2.805989e+01 	 1.333507e+03 	 1.049862e+02 	 2.614544e+01 
2.836628e-01 	 1.663732e+03 	 7.898437e+02 	 2.734498e+01 	 1.315766e+03 	 9.713308e+01 	 2.703339e+01 
2.855961e-01 	 1.645239e+03 	 7.787590e+02 	 2.664117e+01 	 1.298263e+03 	 8.943039e+01 	 2.792950e+01 
2.875425e-01 	 1.626972e+03 	 7.678056e+02 	 2.594830e+01 	 1.280992e+03 	 8.187594e+01 	 2.883337e+01 
2.895022e-01 	 1.608923e+03 	 7.569802e+02 	 2.526624e+01 	 1.263948e+03 	 7.446763e+01 	 2.974460e+01 
2.914753e-01 	 1.591088e+03 	 7.462802e+02 	 2.459484e+01 	 1.247125e+03 	 6.720348e+01 	 3.066277e+01 
2.934618e-01 	 1.573462e+03 	 7.357035e+02 	 2.393402e+01 	 1.230521e+03 	 6.008164e+01 	 3.158752e+01 
2.954619e-01 	 1.556043e+03 	 7.252481e+02 	 2.328367e+01 	 1.214131e+03 	 5.310027e+01 	 3.251846e+01 
2.974756e-01 	 1.538826e+03 	 7.149117e+02 	 2.264369e+01 	 1.197953e+03 	 4.625756e+01 	 3.345520e+01 
2.995030e-01 	 1.521806e+03 	 7.046921e+02 	 2.201397e+01 	 1.181981e+03 	 3.955173e+01 	 3.439734e+01 
3.015442e-01 	 1.504980e+03 	 6.945868e+02 	 2.139440e+01 	 1.166211e+03 	 3.298104e+01 	 3.534445e+01 
3.035994e-01 	 1.488341e+03 	 6.845933e+02 	 2.078489e+01 	 1.150640e+03 	 2.654379e+01 	 3.629612e+01 
3.056685e-01 	 1.471886e+03 	 6.747097e+02 	 2.018535e+01 	 1.135263e+03 	 2.023835e+01 	 3.725192e+01 
3.077518e-01 	 1.455612e+03 	 6.649340e+02 	 1.959569e+01 	 1.120078e+03 	 1.406315e+01 	 3.821146e+01 
3.098492e-01 	 1.439515e+03 	 6.552644e+02 	 1.901583e+01 	 1.105081e+03 	 8.016622e+00 	 3.917431e+01 
3.119610e-01 	 1.423591e+03 	 6.456988e+02 	 1.844569e+01 	 1.090268e+03 	 2.097250e+00 	 4.014004e+01 
3.140871e-01 	 1.407835e+03 	 6.362352e+02 	 1.788519e+01 	 1.075635e+03 	 -3.696442e+00 	 4.110821e+01 
3.162278e-01 	 1.392243e+03 	 6.268713e+02 	 1.733424e+01 	 1.061179e+03 	 -9.365887e+00 	 4.207835e+01 
3.183830e-01 	 1.376812e+03 	 6.176050e+02 	 1.679277e+01 	 1.046896e+03 	 -1.491247e+01 	 4.305000e+01 
3.205529e-01 	 1.361537e+03 	 6.084349e+02 	 1.626072e+01 	 1.032783e+03 	 -2.033754e+01 	 4.402275e+01 
3.227376e-01 	 1.346418e+03 	 5.993600e+02 	 1.573805e+01 	 1.018838e+03 	 -2.564245e+01 	 4.499617e+01 
3.249372e-01 	 1.331451e+03 	 5.903790e+02 	 1.522469e+01 	 1.005059e+03 	 -3.082854e+01 	 4.596986e+01 
3.271518e-01 	 1.316634e+03 	 5.814907e+02 	 1.472062e+01 	 9.914431e+02 	 -3.589710e+01 	 4.694339e+01 
3.293814e-01 	 1.301965e+03 	 5.726937e+02 	 1.422576e+01 	 9.779883e+02 	 -4.084943e+01 	 4.791633e+01 
3.316263e-01 	 1.287440e+03 	 5.639866e+02 	 1.374007e+01 	 9.646917e+02 	 -4.568678e+01 	 4.888823e+01 
3.338865e-01 	 1.273057e+03 	 5.553682e+02 	 1.326351e+01 	 9.515509e+02 	 -5.041038e+01 	 4.985867e+01 
3.361620e-01 	 1.258815e+03 	 5.468380e+02 	 1.279605e+01 	 9.385650e+02 	 -5.502153e+01 	 5.082727e+01 
3.384531e-01 	 1.244714e+03 	 5.383957e+02 	 1.233765e+01 	 9.257328e+02 	 -5.952154e+01 	 5.179368e+01 
3.407598e-01 	 1.230753e+03 	 5.300406e+02 	 1.188830e+01 	 9.130534e+02 	 -6.391172e+01 	 5.275755e+01 
3.430822e-01 	 1.216930e+03 	 5.217724e+02 	 1.144795e+01 	 9.005255e+02 	 -6.819339e+01 	 5.371850e+01 
3.454205e-01 	 1.203246e+03 	 5.135904e+02 	 1.101659e+01 	 8.881480e+02 	 -7.236784e+01 	 5.467620e+01 
3.477747e-01 	 1.189698e+03 	 5.054940e+02 	 1.059417e+01 	 8.759194e+02 	 -7.643637e+01 	 5.563028e+01 
3.501449e-01 	 1.176287e+03 	 4.974836e+02 	 1.018068e+01 	 8.638402e+02 	 -8.040046e+01 	 5.658051e+01 
3.525313e-01 	 1.163020e+03 	 4.895609e+02 	 9.776132e+00 	 8.519132e+02 	 -8.426185e+01 	 5.752683e+01 
3.549339e-01 	 1.149900e+03 	 4.817279e+02 	 9.380541e+00 	 8.401416e+02 	 -8.802240e+01 	 5.846925e+01 
3.573529e-01 	 1.136932e+03 	 4.739865e+02 	 8.993909e+00 	 8.285285e+02 	 -9.168410e+01 	 5.940782e+01 
3.597884e-01 	 1.124123e+03 	 4.663386e+02 	 8.616233e+00 	 8.170769e+02 	 -9.524902e+01 	 6.034262e+01 
3.622405e-01 	 1.111476e+03 	 4.587859e+02 	 8.247506e+00 	 8.057902e+02 	 -9.871935e+01 	 6.127380e+01 
3.647094e-01 	 1.098998e+03 	 4.513303e+02 	 7.887716e+00 	 7.946712e+02 	 -1.020974e+02 	 6.220155e+01 
3.671950e-01 	 1.086690e+03 	 4.439721e+02 	 7.536817e+00 	 7.837206e+02 	 -1.053851e+02 	 6.312590e+01 
3.696976e-01 	 1.074551e+03 	 4.367105e+02 	 7.194747e+00 	 7.729370e+02 	 -1.085845e+02 	 6.404676e+01 
3.722172e-01 	 1.062580e+03 	 4.295447e+02 	 6.861439e+00 	 7.623188e+02 	 -1.116972e+02 	 6.496402e+01 
3.747540e-01 	 1.050776e+03 	 4.224736e+02 	 6.536828e+00 	 7.518644e+02 	 -1.147251e+02 	 6.587759e+01 
3.773081e-01 	 1.039137e+03 	 4.154962e+02 	 6.220845e+00 	 7.415721e+02 	 -1.176699e+02 	 6.678738e+01 
3.798796e-01 	 1.027663e+03 	 4.086116e+02 	 5.913425e+00 	 7.314399e+02 	 -1.205334e+02 	 6.769328e+01 
3.824687e-01 	 1.016348e+03 	 4.018173e+02 	 5.614483e+00 	 7.214637e+02 	 -1.233168e+02 	 6.859499e+01 
3.850754e-01 	 1.005163e+03 	 3.951015e+02 	 5.323810e+00 	 7.116224e+02 	 -1.260184e+02 	 6.949052e+01 
3.876998e-01 	 9.940677e+02 	 3.884482e+02 	 5.041166e+00 	 7.018869e+02 	 -1.286345e+02 	 7.037691e+01 
3.903421e-01 	 9.830213e+02 	 3.818414e+02 	 4.766340e+00 	 6.922276e+02 	 -1.311605e+02 	 7.125083e+01 
3.930025e-01 	 9.719800e+02 	 3.752644e+02 	 4.499145e+00 	 6.826138e+02 	 -1.335912e+02 	 7.210855e+01 
3.956809e-01 	 9.608989e+02 	 3.687008e+02 	 4.239425e+00 	 6.730143e+02 	 -1.359201e+02 	 7.294593e+01 
3.983777e-01 	 9.497315e+02 	 3.621336e+02 	 3.987051e+00 	 6.633969e+02 	 -1.381400e+02 	 7.375840e+01 
4.010928e-01 	 9.384521e+02 	 3.555546e+02 	 3.742013e+00 	 6.537442e+02 	 -1.402461e+02 	 7.454268e+01 
4.038264e-01 	 9.271168e+02 	 3.489861e+02 	 3.504627e+00 	 6.440961e+02 	 -1.422456e+02 	 7.530196e+01 
4.065786e-01 	 9.158030e+02 	 3.424585e+02 	 3.275230e+00 	 6.345066e+02 	 -1.441502e+02 	 7.604160e+01 
4.093496e-01 	 9.045910e+02 	 3.360019e+02 	 3.054105e+00 	 6.250310e+02 	 -1.459730e+02 	 7.676773e+01 
4.121395e-01 	 8.935636e+02 	 3.296469e+02 	 2.841474e+00 	 6.157260e+02 	 -1.477291e+02 	 7.748732e+01 
4.149484e-01 	 8.828066e+02 	 3.234242e+02 	 2.637504e+00 	 6.066497e+02 	 -1.494352e+02 	 7.820825e+01 
4.177764e-01 	 8.724083e+02 	 3.173645e+02 	 2.442303e+00 	 5.978611e+02 	 -1.511101e+02 	 7.893927e+01 
4.206238e-01 	 8.624141e+02 	 3.114822e+02 	 2.255806e+00 	 5.893891e+02 	 -1.527659e+02 	 7.968588e+01 
4.234905e-01 	 8.527799e+02 	 3.057588e+02 	 2.077701e+00 	 5.812017e+02 	 -1.543996e+02 	 8.044556e+01 
4.263767e-01 	 8.434498e+02 	 3.001723e+02 	 1.907688e+00 	 5.732587e+02 	 -1.560053e+02 	 8.121433e+01 
4.292827e-01 	 8.343654e+02 	 2.947003e+02 	 1.745506e+00 	 5.655190e+02 	 -1.575754e+02 	 8.198757e+01 
4.322084e-01 	 8.254663e+02 	 2.893201e+02 	 1.590934e+00 	 5.579404e+02 	 -1.591014e+02 	 8.276005e+01 
4.351541e-01 	 8.166898e+02 	 2.840090e+02 	 1.443788e+00 	 5.504798e+02 	 -1.605733e+02 	 8.352585e+01 
4.381198e-01 	 8.079726e+02 	 2.787448e+02 	 1.303925e+00 	 5.430937e+02 	 -1.619798e+02 	 8.427846e+01 
4.411058e-01 	 7.992876e+02 	 2.735183e+02 	 1.171292e+00 	 5.357640e+02 	 -1.633162e+02 	 8.501476e+01 
4.441121e-01 	 7.906497e+02 	 2.683349e+02 	 1.045905e+00 	 5.285003e+02 	 -1.645862e+02 	 8.573595e+01 
4.471389e-01 	 7.820762e+02 	 2.632005e+02 	 9.277717e-01 	 5.213139e+02 	 -1.657941e+02 	 8.644362e+01 
4.501864e-01 	 7.735850e+02 	 2.581211e+02 	 8.168898e-01 	 5.142165e+02 	 -1.669446e+02 	 8.713959e+01 
4.532546e-01 	 7.651946e+02 	 2.531028e+02 	 7.132460e-01 	 5.072198e+02 	 -1.680430e+02 	 8.782590e+01 
4.563437e-01 	 7.569239e+02 	 2.481516e+02 	 6.168179e-01 	 5.003358e+02 	 -1.690947e+02 	 8.850485e+01 
4.594538e-01 	 7.487907e+02 	 2.432725e+02 	 5.275731e-01 	 4.935756e+02 	 -1.701054e+02 	 8.917871e+01 
4.625852e-01 	 7.407898e+02 	 2.384635e+02 	 4.454591e-01 	 4.869351e+02 	 -1.710756e+02 	 8.984721e+01 
4.657379e-01 	 7.329021e+02 	 2.337177e+02 	 3.704195e-01 	 4.804009e+02 	 -1.720025e+02 	 9.050828e+01 
4.689121e-01 	 7.251073e+02 	 2.290283e+02 	 3.024057e-01 	 4.739592e+02 	 -1.728827e+02 	 9.115958e+01 
4.721079e-01 	 7.173846e+02 	 2.243885e+02 	 2.413759e-01 	 4.675959e+02 	 -1.737124e+02 	 9.179851e+01 
4.753255e-01 	 7.097121e+02 	 2.197914e+02 	 1.872939e-01 	 4.612964e+02 	 -1.744872e+02 	 9.242218e+01 
4.785651e-01 	 7.020674e+02 	 2.152302e+02 	 1.401279e-01 	 4.550459e+02 	 -1.752023e+02 	 9.302744e+01 
4.818267e-01 	 6.944327e+02 	 2.106999e+02 	 9.984952e-02 	 4.488327e+02 	 -1.758537e+02 	 9.361154e+01 
4.851105e-01 	 6.868187e+02 	 2.062042e+02 	 6.643301e-02 	 4.426637e+02 	 -1.764444e+02 	 9.417550e+01 
4.884168e-01 	 6.792460e+02 	 2.017494e+02 	 3.984707e-02 	 4.365519e+02 	 -1.769804e+02 	 9.472182e+01 
4.917455e-01 	 6.717358e+02 	 1.973422e+02 	 2.005407e-02 	 4.305106e+02 	 -1.774679e+02 	 9.525328e+01 
4.950970e-01 	 6.643100e+02 	 1.929887e+02 	 7.011807e-03 	 4.245537e+02 	 -1.779137e+02 	 9.577299e+01 
4.984713e-01 	 6.569914e+02 	 1.886952e+02 	 6.755449e-04 	 4.186950e+02 	 -1.783250e+02 	 9.628437e+01 
5.018685e-01 	 6.498032e+02 	 1.844680e+02 	 1.000213e-03 	 4.129487e+02 	 -1.787098e+02 	 9.679118e+01 
5.052890e-01 	 6.427606e+02 	 1.803104e+02 	 7.942767e-03 	 4.073237e+02 	 -1.790739e+02 	 9.729617e+01 
5.087327e-01 	 6.358546e+02 	 1.762191e+02 	 2.146339e-02 	 4.018135e+02 	 -1.794165e+02 	 9.779854e+01 
5.121999e-01 	 6.290716e+02 	 1.721895e+02 	 4.152473e-02 	 3.964087e+02 	 -1.797355e+02 	 9.829672e+01 
5.156908e-01 	 6.223975e+02 	 1.682172e+02 	 6.809066e-02 	 3.910999e+02 	 -1.800283e+02 	 9.878892e+01 
5.192054e-01 	 6.158177e+02 	 1.642975e+02 	 1.011248e-01 	 3.858771e+02 	 -1.802921e+02 	 9.927318e+01 
5.227440e-01 	 6.093172e+02 	 1.604261e+02 	 1.405889e-01 	 3.807306e+02 	 -1.805237e+02 	 9.974728e+01 
5.263067e-01 	 6.028802e+02 	 1.565987e+02 	 1.864412e-01 	 3.756499e+02 	 -1.807194e+02 	 1.002088e+02 
5.298937e-01 	 5.964957e+02 	 1.528121e+02 	 2.386362e-01 	 3.706280e+02 	 -1.808768e+02 	 1.006560e+02 
5.335052e-01 	 5.901597e+02 	 1.490655e+02 	 2.971268e-01 	 3.656619e+02 	 -1.809954e+02 	 1.010880e+02 
5.371412e-01 	 5.838688e+02 	 1.453578e+02 	 3.618628e-01 	 3.607493e+02 	 -1.810750e+02 	 1.015044e+02 
5.408021e-01 	 5.776191e+02 	 1.416883e+02 	 4.327901e-01 	 3.558874e+02 	 -1.811151e+02 	 1.019044e+02 
5.444879e-01 	 5.714071e+02 	 1.380562e+02 	 5.098503e-01 	 3.510739e+02 	 -1.811152e+02 	 1.022872e+02 
5.481988e-01 	 5.652286e+02 	 1.344605e+02 	 5.929801e-01 	 3.463059e+02 	 -1.810746e+02 	 1.026520e+02 
5.519350e-01 	 5.590806e+02 	 1.309007e+02 	 6.821120e-01 	 3.415814e+02 	 -1.809930e+02 	 1.029983e+02 
5.556966e-01 	 5.529778e+02 	 1.273804e+02 	 7.771976e-01 	 3.369089e+02 	 -1.808758e+02 	 1.033285e+02 
5.594839e-01 	 5.469501e+02 	 1.239063e+02 	 8.782220e-01 	 3.323066e+02 	 -1.807335e+02 	 1.036483e+02 
5.632970e-01 	 5.410289e+02 	 1.204852e+02 	 9.851963e-01 	 3.277928e+02 	 -1.805777e+02 	 1.039640e+02 
5.671361e-01 	 5.352465e+02 	 1.171234e+02 	 1.098163e+00 	 3.233866e+02 	 -1.804206e+02 	 1.042825e+02 
5.710014e-01 	 5.296364e+02 	 1.138269e+02 	 1.217204e+00 	 3.191073e+02 	 -1.802751e+02 	 1.046110e+02 
5.748930e-01 	 5.242328e+02 	 1.106015e+02 	 1.342444e+00 	 3.149745e+02 	 -1.801551e+02 	 1.049575e+02 
5.788111e-01 	 5.190638e+02 	 1.074511e+02 	 1.474041e+00 	 3.110040e+02 	 -1.800726e+02 	 1.053291e+02 
5.827560e-01 	 5.141033e+02 	 1.043679e+02 	 1.612029e+00 	 3.071788e+02 	 -1.800209e+02 	 1.057220e+02 
5.867277e-01 	 5.092980e+02 	 1.013394e+02 	 1.756336e+00 	 3.034663e+02 	 -1.799835e+02 	 1.061266e+02 
5.907265e-01 	 5.045933e+02 	 9.835333e+01 	 1.906828e+00 	 2.998330e+02 	 -1.799426e+02 	 1.065322e+02 
5.947525e-01 	 4.999323e+02 	 9.539819e+01 	 2.063300e+00 	 2.962447e+02 	 -1.798791e+02 	 1.069272e+02 
5.988060e-01 	 4.952565e+02 	 9.246290e+01 	 2.225459e+00 	 2.926666e+02 	 -1.797722e+02 	 1.072992e+02 
6.028871e-01 	 4.905056e+02 	 8.953705e+01 	 2.392916e+00 	 2.890631e+02 	 -1.796000e+02 	 1.076344e+02 
6.069960e-01 	 4.856340e+02 	 8.661387e+01 	 2.565252e+00 	 2.854077e+02 	 -1.793451e+02 	 1.079219e+02 
6.111329e-01 	 4.806597e+02 	 8.369847e+01 	 2.742320e+00 	 2.817115e+02 	 -1.790134e+02 	 1.081643e+02 
6.152981e-01 	 4.756171e+02 	 8.079847e+01 	 2.924089e+00 	 2.779950e+02 	 -1.786171e+02 	 1.083686e+02 
6.194916e-01 	 4.705420e+02 	 7.792112e+01 	 3.110578e+00 	 2.742792e+02 	 -1.781693e+02 	 1.085419e+02 
6.237137e-01 	 4.654709e+02 	 7.507322e+01 	 3.301870e+00 	 2.705856e+02 	 -1.776840e+02 	 1.086925e+02 
6.279645e-01 	 4.604420e+02 	 7.226115e+01 	 3.498121e+00 	 2.669360e+02 	 -1.771761e+02 	 1.088290e+02 
6.322443e-01 	 4.554939e+02 	 6.949077e+01 	 3.699565e+00 	 2.633527e+02 	 -1.766612e+02 	 1.089608e+02 
6.365534e-01 	 4.506518e+02 	 6.676521e+01 	 3.906405e+00 	 2.598495e+02 	 -1.761503e+02 	 1.090945e+02 
6.408917e-01 	 4.459105e+02 	 6.408276e+01 	 4.118622e+00 	 2.564230e+02 	 -1.756423e+02 	 1.092294e+02 
6.452597e-01 	 4.412607e+02 	 6.144123e+01 	 4.336152e+00 	 2.530672e+02 	 -1.751348e+02 	 1.093639e+02 
6.496574e-01 	 4.366926e+02 	 5.883855e+01 	 4.558912e+00 	 2.497760e+02 	 -1.746251e+02 	 1.094962e+02 
6.540850e-01 	 4.321963e+02 	 5.627276e+01 	 4.786798e+00 	 2.465433e+02 	 -1.741099e+02 	 1.096242e+02 
6.585429e-01 	 4.277614e+02 	 5.374200e+01 	 5.019680e+00 	 2.433628e+02 	 -1.735861e+02 	 1.097457e+02 
6.630311e-01 	 4.233776e+02 	 5.124461e+01 	 5.257401e+00 	 2.402283e+02 	 -1.730501e+02 	 1.098582e+02 
6.675500e-01 	 4.190389e+02 	 4.877962e+01 	 5.499840e+00 	 2.371360e+02 	 -1.725001e+02 	 1.099606e+02 
6.720996e-01 	 4.147453e+02 	 4.634683e+01 	 5.746937e+00 	 2.340856e+02 	 -1.719369e+02 	 1.100530e+02 
6.766802e-01 	 4.104968e+02 	 4.394602e+01 	 5.998638e+00 	 2.310769e+02 	 -1.713610e+02 	 1.101357e+02 
6.812921e-01 	 4.062936e+02 	 4.157700e+01 	 6.254886e+00 	 2.281097e+02 	 -1.707731e+02 	 1.102088e+02 
6.859354e-01 	 4.021358e+02 	 3.923955e+01 	 6.515630e+00 	 2.251837e+02 	 -1.701738e+02 	 1.102726e+02 
6.906103e-01 	 3.980234e+02 	 3.693343e+01 	 6.780814e+00 	 2.222987e+02 	 -1.695639e+02 	 1.103275e+02 
6.953171e-01 	 3.939566e+02 	 3.465841e+01 	 7.050388e+00 	 2.194544e+02 	 -1.689439e+02 	 1.103736e+02 
7.000559e-01 	 3.899357e+02 	 3.241427e+01 	 7.324307e+00 	 2.166507e+02 	 -1.683146e+02 	 1.104114e+02 
7.048271e-01 	 3.859613e+02 	 3.020079e+01 	 7.602535e+00 	 2.138878e+02 	 -1.676768e+02 	 1.104411e+02 
7.096308e-01 	 3.820342e+02 	 2.801772e+01 	 7.885036e+00 	 2.111657e+02 	 -1.670316e+02 	 1.104634e+02 
7.144672e-01 	 3.781549e+02 	 2.586482e+01 	 8.171783e+00 	 2.084844e+02 	 -1.663797e+02 	 1.104786e+02 
7.193366e-01 	 3.743240e+02 	 2.374179e+01 	 8.462749e+00 	 2.058440e+02 	 -1.657220e+02 	 1.104873e+02 
7.242392e-01 	 3.705422e+02 	 2.164834e+01 	 8.757915e+00 	 2.032446e+02 	 -1.650594e+02 	 1.104899e+02 
7.291751e-01 	 3.668097e+02 	 1.958413e+01 	 9.057256e+00 	 2.006859e+02 	 -1.643927e+02 	 1.104867e+02 
7.341448e-01 	 3.631255e+02 	 1.754873e+01 	 9.360716e+00 	 1.981671e+02 	 -1.637219e+02 	 1.104779e+02 
7.391483e-01 	 3.594877e+02 	 1.554171e+01 	 9.668216e+00 	 1.956869e+02 	 -1.630468e+02 	 1.104631e+02 
7.441859e-01 	 3.558945e+02 	 1.356264e+01 	 9.979674e+00 	 1.932441e+02 	 -1.623671e+02 	 1.104420e+02 
7.492578e-01 	 3.523439e+02 	 1.161115e+01 	 1.029500e+01 	 1.908372e+02 	 -1.616825e+02 	 1.104143e+02 
7.543643e-01 	 3.488338e+02 	 9.686876e+00 	 1.061408e+01 	 1.884650e+02 	 -1.609925e+02 	 1.103797e+02 
7.595056e-01 	 3.453623e+02 	 7.789502e+00 	 1.093682e+01 	 1.861260e+02 	 -1.602968e+02 	 1.103378e+02 
7.646819e-01 	 3.419265e+02 	 5.918729e+00 	 1.126306e+01 	 1.838186e+02 	 -1.595944e+02 	 1.102879e+02 
7.698935e-01 	 3.385220e+02 	 4.074287e+00 	 1.159260e+01 	 1.815401e+02 	 -1.588838e+02 	 1.102287e+02 
7.751407e-01 	 3.351436e+02 	 2.255996e+00 	 1.192517e+01 	 1.792875e+02 	 -1.581630e+02 	 1.101588e+02 
7.804236e-01 	 3.317864e+02 	 4.637752e-01 	 1.226048e+01 	 1.770581e+02 	 -1.574300e+02 	 1.100766e+02 
7.857425e-01 	 3.284449e+02 	 -1.302351e+00 	 1.259822e+01 	 1.748486e+02 	 -1.566824e+02 	 1.099805e+02 
7.910976e-01 	 3.251136e+02 	 -3.042244e+00 	 1.293802e+01 	 1.726562e+02 	 -1.559181e+02 	 1.098686e+02 
7.964893e-01 	 3.217872e+02 	 -4.755651e+00 	 1.327948e+01 	 1.704778e+02 	 -1.551346e+02 	 1.097391e+02 
8.019177e-01 	 3.184649e+02 	 -6.442300e+00 	 1.362238e+01 	 1.683128e+02 	 -1.543318e+02 	 1.095917e+02 
8.073831e-01 	 3.151543e+02 	 -8.102116e+00 	 1.396683e+01 	 1.661653e+02 	 -1.535136e+02 	 1.094290e+02 
8.128857e-01 	 3.118637e+02 	 -9.735219e+00 	 1.431305e+01 	 1.640394e+02 	 -1.526843e+02 	 1.092539e+02 
8.184259e-01 	 3.086019e+02 	 -1.134192e+01 	 1.466131e+01 	 1.619396e+02 	 -1.518486e+02 	 1.090696e+02 
8.240038e-01 	 3.053776e+02 	 -1.292276e+01 	 1.501195e+01 	 1.598703e+02 	 -1.510111e+02 	 1.088795e+02 
8.296197e-01 	 3.022000e+02 	 -1.447845e+01 	 1.536537e+01 	 1.578360e+02 	 -1.501768e+02 	 1.086870e+02 
8.352739e-01 	 2.990780e+02 	 -1.600996e+01 	 1.572205e+01 	 1.558411e+02 	 -1.493507e+02 	 1.084958e+02 
8.409666e-01 	 2.960146e+02 	 -1.751807e+01 	 1.608219e+01 	 1.538869e+02 	 -1.485350e+02 	 1.083075e+02 
8.466982e-01 	 2.930077e+02 	 -1.900334e+01 	 1.644575e+01 	 1.519720e+02 	 -1.477289e+02 	 1.081217e+02 
8.524687e-01 	 2.900547e+02 	 -2.046623e+01 	 1.681265e+01 	 1.500947e+02 	 -1.469319e+02 	 1.079380e+02 
8.582787e-01 	 2.871529e+02 	 -2.190718e+01 	 1.718279e+01 	 1.482535e+02 	 -1.461431e+02 	 1.077558e+02 
8.641282e-01 	 2.842997e+02 	 -2.332655e+01 	 1.755606e+01 	 1.464466e+02 	 -1.453616e+02 	 1.075744e+02 
8.700176e-01 	 2.814922e+02 	 -2.472465e+01 	 1.793231e+01 	 1.446724e+02 	 -1.445864e+02 	 1.073932e+02 
8.759471e-01 	 2.787272e+02 	 -2.610169e+01 	 1.831139e+01 	 1.429290e+02 	 -1.438165e+02 	 1.072114e+02 
8.819170e-01 	 2.759997e+02 	 -2.745762e+01 	 1.869296e+01 	 1.412136e+02 	 -1.430494e+02 	 1.070274e+02 
8.879277e-01 	 2.733032e+02 	 -2.879216e+01 	 1.907658e+01 	 1.395227e+02 	 -1.422825e+02 	 1.068388e+02 
8.939792e-01 	 2.706312e+02 	 -3.010485e+01 	 1.946172e+01 	 1.378527e+02 	 -1.415124e+02 	 1.066435e+02 
9.000721e-01 	 2.679771e+02 	 -3.139509e+01 	 1.984782e+01 	 1.362003e+02 	 -1.407362e+02 	 1.064389e+02 
9.062064e-01 	 2.653340e+02 	 -3.266207e+01 	 2.023423e+01 	 1.345616e+02 	 -1.399503e+02 	 1.062224e+02 
9.123826e-01 	 2.626949e+02 	 -3.390483e+01 	 2.062023e+01 	 1.329332e+02 	 -1.391513e+02 	 1.059912e+02 
9.186009e-01 	 2.600547e+02 	 -3.512251e+01 	 2.100520e+01 	 1.313123e+02 	 -1.383366e+02 	 1.057434e+02 
9.248615e-01 	 2.574182e+02 	 -3.631549e+01 	 2.138926e+01 	 1.297012e+02 	 -1.375090e+02 	 1.054807e+02 
9.311648e-01 	 2.547927e+02 	 -3.748466e+01 	 2.177282e+01 	 1.281036e+02 	 -1.366724e+02 	 1.052062e+02 
9.375111e-01 	 2.521856e+02 	 -3.863110e+01 	 2.215635e+01 	 1.265231e+02 	 -1.358310e+02 	 1.049231e+02 
9.439006e-01 	 2.496047e+02 	 -3.975613e+01 	 2.254041e+01 	 1.249634e+02 	 -1.349893e+02 	 1.046347e+02 
9.503336e-01 	 2.470578e+02 	 -4.086127e+01 	 2.292568e+01 	 1.234283e+02 	 -1.341519e+02 	 1.043446e+02 
9.568106e-01 	 2.445529e+02 	 -4.194829e+01 	 2.331290e+01 	 1.219216e+02 	 -1.333234e+02 	 1.040564e+02 
9.633316e-01 	 2.420948e+02 	 -4.301855e+01 	 2.370259e+01 	 1.204454e+02 	 -1.325067e+02 	 1.037726e+02 
9.698971e-01 	 2.396806e+02 	 -4.407218e+01 	 2.409459e+01 	 1.189982e+02 	 -1.317009e+02 	 1.034924e+02 
9.765073e-01 	 2.373065e+02 	 -4.510903e+01 	 2.448859e+01 	 1.175778e+02 	 -1.309041e+02 	 1.032144e+02 
9.831626e-01 	 2.349685e+02 	 -4.612883e+01 	 2.488422e+01 	 1.161821e+02 	 -1.301145e+02 	 1.029373e+02 
9.898633e-01 	 2.326626e+02 	 -4.713121e+01 	 2.528108e+01 	 1.148089e+02 	 -1.293302e+02 	 1.026596e+02 
9.966096e-01 	 2.303844e+02 	 -4.811568e+01 	 2.567872e+01 	 1.134558e+02 	 -1.285490e+02 	 1.023796e+02 
