1.000000e-02 	 3.130164e+04 	 1.383220e+00 	 8.092522e-01 	 5.707716e-02 	 3.249570e-06 
1.047129e-02 	 3.174431e+04 	 1.383209e+00 	 8.092260e-01 	 5.707125e-02 	 2.916806e-06 
1.096478e-02 	 3.214518e+04 	 1.383197e+00 	 8.091973e-01 	 5.706478e-02 	 2.552025e-06 
1.148154e-02 	 3.250360e+04 	 1.383183e+00 	 8.091658e-01 	 5.705767e-02 	 2.152155e-06 
1.202264e-02 	 3.280912e+04 	 1.383169e+00 	 8.091313e-01 	 5.704988e-02 	 1.713832e-06 
1.258925e-02 	 3.306358e+04 	 1.383153e+00 	 8.090935e-01 	 5.704135e-02 	 1.233371e-06 
1.318257e-02 	 3.325888e+04 	 1.383136e+00 	 8.090520e-01 	 5.703199e-02 	 7.067369e-07 
1.380384e-02 	 3.339375e+04 	 1.383117e+00 	 8.090065e-01 	 5.702172e-02 	 1.295121e-07 
1.445440e-02 	 3.345836e+04 	 1.383096e+00 	 8.089566e-01 	 5.701047e-02 	 -5.031404e-07 
1.513561e-02 	 3.345336e+04 	 1.383073e+00 	 8.089020e-01 	 5.699814e-02 	 -1.196515e-06 
1.584893e-02 	 3.337570e+04 	 1.383048e+00 	 8.088420e-01 	 5.698462e-02 	 -1.956408e-06 
1.659587e-02 	 3.321607e+04 	 1.383020e+00 	 8.087763e-01 	 5.696979e-02 	 -2.789158e-06 
1.737801e-02 	 3.297710e+04 	 1.382990e+00 	 8.087043e-01 	 5.695354e-02 	 -3.701705e-06 
1.819701e-02 	 3.265454e+04 	 1.382957e+00 	 8.086253e-01 	 5.693573e-02 	 -4.701635e-06 
1.905461e-02 	 3.224648e+04 	 1.382920e+00 	 8.085387e-01 	 5.691620e-02 	 -5.797248e-06 
1.995262e-02 	 3.175283e+04 	 1.382880e+00 	 8.084438e-01 	 5.689579e-02 	 -8.507649e-06 
2.089296e-02 	 3.117292e+04 	 1.382837e+00 	 8.083404e-01 	 5.688524e-02 	 -2.940971e-05 
2.187762e-02 	 3.050854e+04 	 1.382789e+00 	 8.082259e-01 	 5.685358e-02 	 -2.184102e-05 
2.290868e-02 	 2.976249e+04 	 1.382736e+00 	 8.081004e-01 	 5.681779e-02 	 -1.189513e-05 
2.398833e-02 	 2.894344e+04 	 1.382679e+00 	 8.079632e-01 	 5.678769e-02 	 -1.483262e-05 
2.511886e-02 	 2.805362e+04 	 1.382616e+00 	 8.078130e-01 	 5.675673e-02 	 -2.113332e-05 
2.630268e-02 	 2.710076e+04 	 1.382547e+00 	 8.076481e-01 	 5.671863e-02 	 -2.172413e-05 
2.754229e-02 	 2.609637e+04 	 1.382471e+00 	 8.074675e-01 	 5.668028e-02 	 -2.751958e-05 
2.884032e-02 	 2.505007e+04 	 1.382388e+00 	 8.072694e-01 	 5.663598e-02 	 -3.040262e-05 
3.019952e-02 	 2.397532e+04 	 1.382297e+00 	 8.070521e-01 	 5.658498e-02 	 -2.985681e-05 
3.162278e-02 	 2.289209e+04 	 1.382197e+00 	 8.068141e-01 	 5.653289e-02 	 -3.499976e-05 
3.311311e-02 	 2.180578e+04 	 1.382087e+00 	 8.065532e-01 	 5.647419e-02 	 -3.816833e-05 
3.467369e-02 	 2.071954e+04 	 1.381967e+00 	 8.062671e-01 	 5.640934e-02 	 -4.081307e-05 
3.630781e-02 	 1.949987e+04 	 1.381836e+00 	 8.059536e-01 	 5.633906e-02 	 -4.483571e-05 
3.801894e-02 	 1.843282e+04 	 1.381691e+00 	 8.056100e-01 	 5.626204e-02 	 -4.920615e-05 
3.981072e-02 	 1.742002e+04 	 1.381533e+00 	 8.052335e-01 	 5.617767e-02 	 -5.396677e-05 
4.168694e-02 	 1.647723e+04 	 1.381360e+00 	 8.048208e-01 	 5.608508e-02 	 -5.886497e-05 
4.365158e-02 	 1.561813e+04 	 1.381170e+00 	 8.043685e-01 	 5.598382e-02 	 -6.441539e-05 
4.570882e-02 	 1.485120e+04 	 1.380962e+00 	 8.038728e-01 	 5.587299e-02 	 -7.055497e-05 
4.786301e-02 	 1.418346e+04 	 1.380734e+00 	 8.033298e-01 	 5.575168e-02 	 -7.726571e-05 
5.011872e-02 	 1.361816e+04 	 1.380484e+00 	 8.027347e-01 	 5.561877e-02 	 -8.441239e-05 
5.248075e-02 	 1.315523e+04 	 1.380210e+00 	 8.020827e-01 	 5.547332e-02 	 -9.221136e-05 
5.495409e-02 	 1.279201e+04 	 1.379910e+00 	 8.013685e-01 	 5.531424e-02 	 -1.008121e-04 
5.754399e-02 	 1.249325e+04 	 1.379581e+00 	 8.005861e-01 	 5.514023e-02 	 -1.102143e-04 
6.025596e-02 	 1.219075e+04 	 1.379221e+00 	 7.997290e-01 	 5.494988e-02 	 -1.204187e-04 
6.309573e-02 	 1.183013e+04 	 1.378826e+00 	 7.987904e-01 	 5.474171e-02 	 -1.314691e-04 
6.606934e-02 	 1.137213e+04 	 1.378393e+00 	 7.977624e-01 	 5.451418e-02 	 -1.435479e-04 
6.918310e-02 	 1.079120e+04 	 1.377920e+00 	 7.966368e-01 	 5.426549e-02 	 -1.566156e-04 
7.244360e-02 	 1.010762e+04 	 1.377401e+00 	 7.954045e-01 	 5.399379e-02 	 -3.261486e-05 
7.585776e-02 	 9.378972e+03 	 1.376833e+00 	 7.940554e-01 	 5.369706e-02 	 -2.074462e-04 
7.943282e-02 	 8.653089e+03 	 1.376211e+00 	 7.925788e-01 	 5.337311e-02 	 -2.083558e-04 
8.317638e-02 	 7.966118e+03 	 1.375530e+00 	 7.909629e-01 	 5.301960e-02 	 -2.223674e-04 
8.709636e-02 	 7.344077e+03 	 1.374784e+00 	 7.891949e-01 	 5.263401e-02 	 -2.428279e-04 
9.120108e-02 	 6.793391e+03 	 1.373968e+00 	 7.872608e-01 	 5.221366e-02 	 -2.554703e-04 
9.549926e-02 	 6.305859e+03 	 1.373075e+00 	 7.851456e-01 	 5.175567e-02 	 -2.882160e-04 
1.000000e-01 	 5.873918e+03 	 1.372098e+00 	 7.828328e-01 	 5.125694e-02 	 -3.072594e-04 
1.047129e-01 	 5.490642e+03 	 1.371030e+00 	 7.803046e-01 	 5.071422e-02 	 -3.313898e-04 
1.096478e-01 	 5.149700e+03 	 1.369861e+00 	 7.775418e-01 	 5.012410e-02 	 -3.615069e-04 
1.148154e-01 	 4.830224e+03 	 1.368583e+00 	 7.745236e-01 	 4.948294e-02 	 -3.899337e-04 
1.202264e-01 	 4.537811e+03 	 1.367186e+00 	 7.712276e-01 	 4.878697e-02 	 -4.215660e-04 
1.258925e-01 	 4.252669e+03 	 1.365660e+00 	 7.676294e-01 	 4.803226e-02 	 -4.540967e-04 
1.318257e-01 	 3.967367e+03 	 1.363992e+00 	 7.637030e-01 	 4.721472e-02 	 -4.886763e-04 
1.380384e-01 	 3.677398e+03 	 1.362171e+00 	 7.594205e-01 	 4.633019e-02 	 -5.249929e-04 
1.445440e-01 	 3.388394e+03 	 1.360183e+00 	 7.547518e-01 	 4.537444e-02 	 -5.628619e-04 
1.513561e-01 	 3.109509e+03 	 1.358013e+00 	 7.496648e-01 	 4.434326e-02 	 -6.019233e-04 
1.584893e-01 	 2.848064e+03 	 1.355647e+00 	 7.441254e-01 	 4.323248e-02 	 -6.420209e-04 
1.659587e-01 	 2.608773e+03 	 1.353068e+00 	 7.380970e-01 	 4.203808e-02 	 -6.828976e-04 
1.737801e-01 	 2.394233e+03 	 1.350257e+00 	 7.315412e-01 	 4.075630e-02 	 -7.241229e-04 
1.819701e-01 	 2.201138e+03 	 1.347197e+00 	 7.244172e-01 	 3.938372e-02 	 -7.650992e-04 
1.905461e-01 	 2.024419e+03 	 1.343866e+00 	 7.166820e-01 	 3.791747e-02 	 -8.052100e-04 
1.995262e-01 	 1.860111e+03 	 1.340243e+00 	 7.082907e-01 	 3.635535e-02 	 -8.437043e-04 
2.089296e-01 	 1.705148e+03 	 1.336306e+00 	 6.991966e-01 	 3.469605e-02 	 -8.796753e-04 
2.187762e-01 	 1.557575e+03 	 1.332031e+00 	 6.893509e-01 	 3.293938e-02 	 -9.120851e-04 
2.290868e-01 	 1.417879e+03 	 1.327393e+00 	 6.787038e-01 	 3.108654e-02 	 -9.397575e-04 
2.398833e-01 	 1.287006e+03 	 1.322366e+00 	 6.672042e-01 	 2.914040e-02 	 -9.613788e-04 
2.511886e-01 	 1.165597e+03 	 1.316921e+00 	 6.548003e-01 	 2.710585e-02 	 -9.755212e-04 
2.630268e-01 	 1.053853e+03 	 1.311032e+00 	 6.414402e-01 	 2.499016e-02 	 -9.806676e-04 
2.754229e-01 	 9.516516e+02 	 1.304669e+00 	 6.270724e-01 	 2.280336e-02 	 -9.752586e-04 
2.884032e-01 	 8.579966e+02 	 1.297802e+00 	 6.116466e-01 	 2.055868e-02 	 -9.577604e-04 
3.019952e-01 	 7.718032e+02 	 1.290403e+00 	 5.951145e-01 	 1.827296e-02 	 -9.267593e-04 
3.162278e-01 	 6.922227e+02 	 1.282439e+00 	 5.774309e-01 	 1.596712e-02 	 -8.810857e-04 
3.311311e-01 	 6.185610e+02 	 1.273883e+00 	 5.585544e-01 	 1.366654e-02 	 -8.199781e-04 
3.467369e-01 	 5.503652e+02 	 1.264703e+00 	 5.384488e-01 	 1.140153e-02 	 -7.432881e-04 
3.630781e-01 	 4.875304e+02 	 1.254873e+00 	 5.170845e-01 	 9.207620e-03 	 -6.517330e-04 
3.801894e-01 	 4.303674e+02 	 1.244365e+00 	 4.944394e-01 	 7.125877e-03 	 -5.471992e-04 
3.981072e-01 	 3.778825e+02 	 1.233154e+00 	 4.705005e-01 	 5.203078e-03 	 -4.330986e-04 
4.168694e-01 	 3.280465e+02 	 1.221217e+00 	 4.452654e-01 	 3.491749e-03 	 -3.147755e-04 
4.365158e-01 	 2.852786e+02 	 1.208535e+00 	 4.187434e-01 	 2.050054e-03 	 -1.999603e-04 
4.570882e-01 	 2.467209e+02 	 1.195091e+00 	 3.909568e-01 	 9.414753e-04 	 -9.925984e-05 
4.786301e-01 	 2.120170e+02 	 1.180874e+00 	 3.619420e-01 	 2.342771e-04 	 -2.667000e-05 
5.011872e-01 	 1.803755e+02 	 1.165875e+00 	 3.317508e-01 	 7.241951e-07 	 -8.891902e-08 
5.248075e-01 	 1.524653e+02 	 1.150092e+00 	 3.004504e-01 	 3.160367e-04 	 -4.180439e-05 
5.495409e-01 	 1.276112e+02 	 1.133527e+00 	 2.681246e-01 	 1.257081e-03 	 -1.789221e-04 
5.754399e-01 	 1.056906e+02 	 1.116190e+00 	 2.348734e-01 	 2.900806e-03 	 -4.436971e-04 
6.025596e-01 	 8.725129e+01 	 1.098094e+00 	 2.008129e-01 	 5.322447e-03 	 -8.737265e-04 
6.309573e-01 	 7.058750e+01 	 1.079261e+00 	 1.660745e-01 	 8.593538e-03 	 -1.511963e-03 
6.606934e-01 	 5.633391e+01 	 1.059718e+00 	 1.308036e-01 	 1.277979e-02 	 -2.406509e-03 
6.918310e-01 	 4.431249e+01 	 1.039498e+00 	 9.515844e-02 	 1.793892e-02 	 -3.610154e-03 
7.244360e-01 	 3.427649e+01 	 1.018640e+00 	 5.930797e-02 	 2.411845e-02 	 -5.179639e-03 
7.585776e-01 	 2.604246e+01 	 9.971896e-01 	 2.342941e-02 	 3.135369e-02 	 -7.174630e-03 
7.943282e-01 	 1.937191e+01 	 9.751968e-01 	 -1.229414e-02 	 3.966589e-02 	 -9.656411e-03 
8.317638e-01 	 1.404590e+01 	 9.527166e-01 	 -4.767662e-02 	 4.906065e-02 	 -1.268631e-02 
8.709636e-01 	 9.951273e+00 	 9.298077e-01 	 -8.253189e-02 	 5.952679e-02 	 -1.632394e-02 
9.120108e-01 	 6.867413e+00 	 9.065322e-01 	 -1.166768e-01 	 7.103559e-02 	 -2.062521e-02 
9.549926e-01 	 4.584628e+00 	 8.829548e-01 	 -1.499339e-01 	 8.354056e-02 	 -2.564039e-02 
1.000000e+00 	 2.964339e+00 	 8.591415e-01 	 -1.821345e-01 	 9.697776e-02 	 -3.141202e-02 
1.047129e+00 	 1.847863e+00 	 8.351594e-01 	 -2.131212e-01 	 1.112666e-01 	 -3.797307e-02 
1.096478e+00 	 1.105859e+00 	 8.110752e-01 	 -2.427496e-01 	 1.263109e-01 	 -4.534521e-02 
1.148154e+00 	 6.334498e-01 	 7.869551e-01 	 -2.708911e-01 	 1.420013e-01 	 -5.353740e-02 
1.202264e+00 	 3.451051e-01 	 7.628636e-01 	 -2.974336e-01 	 1.582164e-01 	 -6.254477e-02 
1.258925e+00 	 1.779895e-01 	 7.388630e-01 	 -3.222827e-01 	 1.748261e-01 	 -7.234803e-02 
1.318257e+00 	 8.644411e-02 	 7.150127e-01 	 -3.453627e-01 	 1.916935e-01 	 -8.291321e-02 
1.380384e+00 	 3.931765e-02 	 6.913688e-01 	 -3.666164e-01 	 2.086782e-01 	 -9.419193e-02 
1.445440e+00 	 1.664638e-02 	 6.679838e-01 	 -3.860052e-01 	 2.256386e-01 	 -1.061221e-01 
1.513561e+00 	 6.484300e-03 	 6.449061e-01 	 -4.035084e-01 	 2.424345e-01 	 -1.186288e-01 
1.584893e+00 	 2.327860e-03 	 6.221799e-01 	 -4.191222e-01 	 2.589302e-01 	 -1.316263e-01 
1.659587e+00 	 7.586259e-04 	 5.998449e-01 	 -4.328592e-01 	 2.749959e-01 	 -1.450192e-01 
1.737801e+00 	 2.225927e-04 	 5.779365e-01 	 -4.447463e-01 	 2.905102e-01 	 -1.587048e-01 
1.819701e+00 	 5.818918e-05 	 5.564856e-01 	 -4.548239e-01 	 3.053617e-01 	 -1.725750e-01 
1.905461e+00 	 1.340489e-05 	 5.355189e-01 	 -4.631441e-01 	 3.194500e-01 	 -1.865186e-01 
1.995262e+00 	 2.687677e-06 	 5.150587e-01 	 -4.697691e-01 	 3.326871e-01 	 -2.004237e-01 
2.089296e+00 	 4.636537e-07 	 4.951235e-01 	 -4.747697e-01 	 3.449976e-01 	 -2.141794e-01 
2.187762e+00 	 6.775103e-08 	 4.757279e-01 	 -4.782235e-01 	 3.563195e-01 	 -2.276780e-01 
2.290868e+00 	 8.256098e-09 	 4.568828e-01 	 -4.802139e-01 	 3.666038e-01 	 -2.408165e-01 
2.398833e+00 	 8.216059e-10 	 4.385960e-01 	 -4.808280e-01 	 3.758143e-01 	 -2.534987e-01 
2.511886e+00 	 6.544530e-11 	 4.208721e-01 	 -4.801558e-01 	 3.839274e-01 	 -2.656359e-01 
2.630268e+00 	 4.099302e-12 	 4.037129e-01 	 -4.782888e-01 	 3.909312e-01 	 -2.771481e-01 
2.754229e+00 	 1.977309e-13 	 3.871178e-01 	 -4.753190e-01 	 3.968250e-01 	 -2.879649e-01 
2.884032e+00 	 7.106730e-15 	 3.710838e-01 	 -4.713377e-01 	 4.016180e-01 	 -2.980259e-01 
3.019952e+00 	 1.857394e-16 	 3.556061e-01 	 -4.664350e-01 	 4.053284e-01 	 -3.072811e-01 
3.162278e+00 	 3.427941e-18 	 3.406779e-01 	 -4.606989e-01 	 4.079829e-01 	 -3.156905e-01 
3.311311e+00 	 4.317767e-20 	 3.262910e-01 	 -4.542148e-01 	 4.096147e-01 	 -3.232244e-01 
3.467369e+00 	 3.570653e-22 	 3.124360e-01 	 -4.470649e-01 	 4.102635e-01 	 -3.298631e-01 
3.630781e+00 	 1.864126e-24 	 2.991021e-01 	 -4.393278e-01 	 4.099735e-01 	 -3.355959e-01 
3.801894e+00 	 5.877535e-27 	 2.862779e-01 	 -4.310784e-01 	 4.087933e-01 	 -3.404210e-01 
3.981072e+00 	 1.065106e-29 	 2.739510e-01 	 -4.223876e-01 	 4.067745e-01 	 -3.443447e-01 
4.168694e+00 	 1.052069e-32 	 2.621085e-01 	 -4.133221e-01 	 4.039707e-01 	 -3.473805e-01 
4.365158e+00 	 5.347633e-36 	 2.507370e-01 	 -4.039444e-01 	 4.004373e-01 	 -3.495485e-01 
4.570882e+00 	 1.313460e-39 	 2.398228e-01 	 -3.943126e-01 	 3.962302e-01 	 -3.508744e-01 
4.786301e+00 	 1.447477e-43 	 2.293520e-01 	 -3.844808e-01 	 3.914057e-01 	 -3.513892e-01 
5.011872e+00 	 6.646026e-48 	 2.193104e-01 	 -3.744988e-01 	 3.860194e-01 	 -3.511275e-01 
5.248075e+00 	 1.167682e-52 	 2.096840e-01 	 -3.644125e-01 	 3.801261e-01 	 -3.501278e-01 
5.495409e+00 	 7.156577e-58 	 2.004586e-01 	 -3.542639e-01 	 3.737795e-01 	 -3.484308e-01 
5.754399e+00 	 1.382239e-63 	 1.916202e-01 	 -3.440912e-01 	 3.670314e-01 	 -3.460797e-01 
6.025596e+00 	 7.531934e-70 	 1.831550e-01 	 -3.339289e-01 	 3.599317e-01 	 -3.431186e-01 
6.309573e+00 	 1.023773e-76 	 1.750493e-01 	 -3.238082e-01 	 3.525283e-01 	 -3.395926e-01 
6.606934e+00 	 3.040535e-84 	 1.672898e-01 	 -3.137571e-01 	 3.448666e-01 	 -3.355473e-01 
6.918310e+00 	 1.702565e-92 	 1.598631e-01 	 -3.038005e-01 	 3.369898e-01 	 -3.310278e-01 
7.244360e+00 	 1.530634e-101 	 1.527565e-01 	 -2.939606e-01 	 3.289384e-01 	 -3.260789e-01 
7.585776e+00 	 1.852123e-111 	 1.459574e-01 	 -2.842567e-01 	 3.207504e-01 	 -3.207444e-01 
7.943282e+00 	 2.486014e-122 	 1.394536e-01 	 -2.747058e-01 	 3.124612e-01 	 -3.150670e-01 
8.317638e+00 	 2.994197e-134 	 1.332332e-01 	 -2.653226e-01 	 3.041036e-01 	 -3.090877e-01 
8.709636e+00 	 2.563781e-147 	 1.272847e-01 	 -2.561195e-01 	 2.957079e-01 	 -3.028463e-01 
9.120108e+00 	 1.210899e-161 	 1.215970e-01 	 -2.471073e-01 	 2.873021e-01 	 -2.963805e-01 
9.549926e+00 	 2.381781e-177 	 1.161593e-01 	 -2.382946e-01 	 2.789116e-01 	 -2.897262e-01 
1.000000e+01 	 1.437102e-194 	 1.109611e-01 	 -2.296887e-01 	 2.705595e-01 	 -2.829175e-01 
1.047129e+01 	 1.905875e-213 	 1.059923e-01 	 -2.212952e-01 	 2.622668e-01 	 -2.759861e-01 
1.096478e+01 	 3.828411e-234 	 1.012433e-01 	 -2.131185e-01 	 2.540523e-01 	 -2.689619e-01 
1.148154e+01 	 7.786558e-257 	 9.670477e-02 	 -2.051616e-01 	 2.459329e-01 	 -2.618728e-01 
1.202264e+01 	 1.029533e-281 	 9.236762e-02 	 -1.974267e-01 	 2.379235e-01 	 -2.547445e-01 
1.258925e+01 	 5.443799e-309 	 8.822322e-02 	 -1.899146e-01 	 2.300372e-01 	 -2.476007e-01 
1.318257e+01 	 0.000000e+00 	 8.426325e-02 	 -1.826255e-01 	 2.222855e-01 	 -2.404632e-01 
1.380384e+01 	 0.000000e+00 	 8.047972e-02 	 -1.755588e-01 	 2.146783e-01 	 -2.333520e-01 
1.445440e+01 	 0.000000e+00 	 7.686494e-02 	 -1.687130e-01 	 2.072241e-01 	 -2.262850e-01 
1.513561e+01 	 0.000000e+00 	 7.341154e-02 	 -1.620863e-01 	 1.999302e-01 	 -2.192787e-01 
1.584893e+01 	 0.000000e+00 	 7.011247e-02 	 -1.556761e-01 	 1.928022e-01 	 -2.123476e-01 
1.659587e+01 	 0.000000e+00 	 6.696095e-02 	 -1.494794e-01 	 1.858451e-01 	 -2.055048e-01 
1.737801e+01 	 0.000000e+00 	 6.395047e-02 	 -1.434928e-01 	 1.790625e-01 	 -1.987619e-01 
1.819701e+01 	 0.000000e+00 	 6.107481e-02 	 -1.377127e-01 	 1.724572e-01 	 -1.921289e-01 
1.905461e+01 	 0.000000e+00 	 5.832802e-02 	 -1.321349e-01 	 1.660310e-01 	 -1.856149e-01 
1.995262e+01 	 0.000000e+00 	 5.570438e-02 	 -1.267553e-01 	 1.597852e-01 	 -1.792272e-01 
2.089296e+01 	 0.000000e+00 	 5.319843e-02 	 -1.215692e-01 	 1.537200e-01 	 -1.729725e-01 
2.187762e+01 	 0.000000e+00 	 5.080495e-02 	 -1.165722e-01 	 1.478353e-01 	 -1.668560e-01 
2.290868e+01 	 0.000000e+00 	 4.851891e-02 	 -1.117594e-01 	 1.421303e-01 	 -1.608822e-01 
2.398833e+01 	 0.000000e+00 	 4.633555e-02 	 -1.071260e-01 	 1.366036e-01 	 -1.550546e-01 
2.511886e+01 	 0.000000e+00 	 4.425027e-02 	 -1.026670e-01 	 1.312534e-01 	 -1.493760e-01 
2.630268e+01 	 0.000000e+00 	 4.225870e-02 	 -9.837760e-02 	 1.260778e-01 	 -1.438481e-01 
2.754229e+01 	 0.000000e+00 	 4.035665e-02 	 -9.425268e-02 	 1.210740e-01 	 -1.384724e-01 
2.884032e+01 	 0.000000e+00 	 3.854012e-02 	 -9.028731e-02 	 1.162394e-01 	 -1.332493e-01 
3.019952e+01 	 0.000000e+00 	 3.680527e-02 	 -8.647653e-02 	 1.115709e-01 	 -1.281790e-01 
3.162278e+01 	 0.000000e+00 	 3.514845e-02 	 -8.281543e-02 	 1.070653e-01 	 -1.232610e-01 
3.311311e+01 	 0.000000e+00 	 3.356616e-02 	 -7.929914e-02 	 1.027190e-01 	 -1.184945e-01 
3.467369e+01 	 0.000000e+00 	 3.205506e-02 	 -7.592286e-02 	 9.852842e-02 	 -1.138781e-01 
3.630781e+01 	 0.000000e+00 	 3.061195e-02 	 -7.268184e-02 	 9.448993e-02 	 -1.094103e-01 
3.801894e+01 	 0.000000e+00 	 2.923378e-02 	 -6.957143e-02 	 9.059967e-02 	 -1.050891e-01 
3.981072e+01 	 0.000000e+00 	 2.791764e-02 	 -6.658706e-02 	 8.685376e-02 	 -1.009122e-01 
4.168694e+01 	 0.000000e+00 	 2.666074e-02 	 -6.372427e-02 	 8.324825e-02 	 -9.687719e-02 
4.365158e+01 	 0.000000e+00 	 2.546041e-02 	 -6.097869e-02 	 7.977918e-02 	 -9.298146e-02 
4.570882e+01 	 0.000000e+00 	 2.431411e-02 	 -5.834603e-02 	 7.644258e-02 	 -8.922216e-02 
4.786301e+01 	 0.000000e+00 	 2.321942e-02 	 -5.582213e-02 	 7.323446e-02 	 -8.559633e-02 
5.011872e+01 	 0.000000e+00 	 2.217401e-02 	 -5.340295e-02 	 7.015086e-02 	 -8.210089e-02 
5.248075e+01 	 0.000000e+00 	 2.117567e-02 	 -5.108454e-02 	 6.718786e-02 	 -7.873266e-02 
5.495409e+01 	 0.000000e+00 	 2.022228e-02 	 -4.886306e-02 	 6.434157e-02 	 -7.548841e-02 
5.754399e+01 	 0.000000e+00 	 1.931181e-02 	 -4.673479e-02 	 6.160813e-02 	 -7.236485e-02 
6.025596e+01 	 0.000000e+00 	 1.844233e-02 	 -4.469613e-02 	 5.898377e-02 	 -6.935863e-02 
6.309573e+01 	 0.000000e+00 	 1.761201e-02 	 -4.274357e-02 	 5.646475e-02 	 -6.646643e-02 
6.606934e+01 	 0.000000e+00 	 1.681907e-02 	 -4.087374e-02 	 5.404743e-02 	 -6.368487e-02 
6.918310e+01 	 0.000000e+00 	 1.606184e-02 	 -3.908336e-02 	 5.172821e-02 	 -6.101061e-02 
7.244360e+01 	 0.000000e+00 	 1.533870e-02 	 -3.736926e-02 	 4.950361e-02 	 -5.844033e-02 
7.585776e+01 	 0.000000e+00 	 1.464813e-02 	 -3.572838e-02 	 4.737018e-02 	 -5.597072e-02 
7.943282e+01 	 0.000000e+00 	 1.398865e-02 	 -3.415777e-02 	 4.532460e-02 	 -5.359852e-02 
8.317638e+01 	 0.000000e+00 	 1.335886e-02 	 -3.265458e-02 	 4.336361e-02 	 -5.132049e-02 
8.709636e+01 	 0.000000e+00 	 1.275744e-02 	 -3.121605e-02 	 4.148405e-02 	 -4.913348e-02 
9.120108e+01 	 0.000000e+00 	 1.218309e-02 	 -2.983955e-02 	 3.968283e-02 	 -4.703435e-02 
9.549926e+01 	 0.000000e+00 	 1.163461e-02 	 -2.852251e-02 	 3.795697e-02 	 -4.502004e-02 
