1.003943e-02 	 3.135508e+04 	 1.639631e+04 	 6.121189e+02 
1.011875e-02 	 3.143310e+04 	 1.639114e+04 	 6.051871e+02 
1.019870e-02 	 3.151010e+04 	 1.639156e+04 	 6.289141e+02 
1.027928e-02 	 3.158602e+04 	 1.638635e+04 	 6.224844e+02 
1.036050e-02 	 3.166079e+04 	 1.638662e+04 	 6.461110e+02 
1.044236e-02 	 3.173439e+04 	 1.638137e+04 	 6.401797e+02 
1.052487e-02 	 3.180683e+04 	 1.638149e+04 	 6.637139e+02 
1.060803e-02 	 3.187815e+04 	 1.637620e+04 	 6.582775e+02 
1.069185e-02 	 3.194824e+04 	 1.637616e+04 	 6.817272e+02 
1.077633e-02 	 3.201684e+04 	 1.637082e+04 	 6.767819e+02 
1.086147e-02 	 3.208380e+04 	 1.637063e+04 	 7.001545e+02 
1.094729e-02 	 3.214940e+04 	 1.636524e+04 	 6.956967e+02 
1.103379e-02 	 3.221403e+04 	 1.636489e+04 	 7.189995e+02 
1.112097e-02 	 3.227782e+04 	 1.635943e+04 	 7.150253e+02 
1.120884e-02 	 3.234058e+04 	 1.635892e+04 	 7.382653e+02 
1.129740e-02 	 3.240207e+04 	 1.635340e+04 	 7.347708e+02 
1.138666e-02 	 3.246195e+04 	 1.635272e+04 	 7.579544e+02 
1.147663e-02 	 3.251981e+04 	 1.634713e+04 	 7.549357e+02 
1.156731e-02 	 3.257564e+04 	 1.634628e+04 	 7.780694e+02 
1.165871e-02 	 3.262995e+04 	 1.634062e+04 	 7.755221e+02 
1.175083e-02 	 3.268323e+04 	 1.633959e+04 	 7.986118e+02 
1.184367e-02 	 3.273538e+04 	 1.633384e+04 	 7.965316e+02 
1.193725e-02 	 3.278603e+04 	 1.633264e+04 	 8.195829e+02 
1.203157e-02 	 3.283502e+04 	 1.632680e+04 	 8.179654e+02 
1.212663e-02 	 3.288261e+04 	 1.632541e+04 	 8.409835e+02 
1.222245e-02 	 3.292907e+04 	 1.631948e+04 	 8.398240e+02 
1.231902e-02 	 3.297407e+04 	 1.631791e+04 	 8.628135e+02 
1.241636e-02 	 3.301701e+04 	 1.631187e+04 	 8.621070e+02 
1.251446e-02 	 3.305762e+04 	 1.631010e+04 	 8.850726e+02 
1.261334e-02 	 3.309649e+04 	 1.630396e+04 	 8.848139e+02 
1.271300e-02 	 3.313430e+04 	 1.630199e+04 	 9.077593e+02 
1.281345e-02 	 3.317083e+04 	 1.629573e+04 	 9.079430e+02 
1.291469e-02 	 3.320530e+04 	 1.629356e+04 	 9.308718e+02 
1.301673e-02 	 3.323723e+04 	 1.628718e+04 	 9.314921e+02 
1.311958e-02 	 3.326724e+04 	 1.628480e+04 	 9.544073e+02 
1.322324e-02 	 3.329609e+04 	 1.627828e+04 	 9.554581e+02 
1.332772e-02 	 3.332382e+04 	 1.627569e+04 	 9.783622e+02 
1.343303e-02 	 3.334978e+04 	 1.626903e+04 	 9.798371e+02 
1.353916e-02 	 3.337344e+04 	 1.626621e+04 	 1.002732e+03 
1.364614e-02 	 3.339484e+04 	 1.625942e+04 	 1.004624e+03 
1.375396e-02 	 3.341418e+04 	 1.625637e+04 	 1.027512e+03 
1.386263e-02 	 3.343148e+04 	 1.624941e+04 	 1.029814e+03 
1.397216e-02 	 3.344667e+04 	 1.624613e+04 	 1.052694e+03 
1.408256e-02 	 3.345969e+04 	 1.623901e+04 	 1.055399e+03 
1.419383e-02 	 3.347075e+04 	 1.623548e+04 	 1.078273e+03 
1.430598e-02 	 3.348009e+04 	 1.622819e+04 	 1.081373e+03 
1.441901e-02 	 3.348780e+04 	 1.622442e+04 	 1.104239e+03 
1.453294e-02 	 3.349369e+04 	 1.621695e+04 	 1.107725e+03 
1.464777e-02 	 3.349756e+04 	 1.621291e+04 	 1.130584e+03 
1.476350e-02 	 3.349913e+04 	 1.620525e+04 	 1.134446e+03 
1.488015e-02 	 3.349810e+04 	 1.620094e+04 	 1.157295e+03 
1.499773e-02 	 3.349451e+04 	 1.619308e+04 	 1.161525e+03 
1.511623e-02 	 3.348892e+04 	 1.618851e+04 	 1.184362e+03 
1.523566e-02 	 3.348189e+04 	 1.618043e+04 	 1.188949e+03 
1.535604e-02 	 3.347319e+04 	 1.617557e+04 	 1.211771e+03 
1.547737e-02 	 3.346220e+04 	 1.616728e+04 	 1.216704e+03 
1.559966e-02 	 3.344854e+04 	 1.616212e+04 	 1.239508e+03 
1.572292e-02 	 3.343232e+04 	 1.615360e+04 	 1.244776e+03 
1.584715e-02 	 3.341373e+04 	 1.614814e+04 	 1.267557e+03 
1.597236e-02 	 3.339274e+04 	 1.613938e+04 	 1.273148e+03 
1.609856e-02 	 3.336926e+04 	 1.613361e+04 	 1.295900e+03 
1.622576e-02 	 3.334329e+04 	 1.612459e+04 	 1.301802e+03 
1.635396e-02 	 3.331509e+04 	 1.611850e+04 	 1.324519e+03 
1.648318e-02 	 3.328495e+04 	 1.610921e+04 	 1.330719e+03 
1.661342e-02 	 3.325283e+04 	 1.610279e+04 	 1.353394e+03 
1.674468e-02 	 3.321839e+04 	 1.609323e+04 	 1.359877e+03 
1.687699e-02 	 3.318139e+04 	 1.608647e+04 	 1.382502e+03 
1.701034e-02 	 3.314184e+04 	 1.607662e+04 	 1.389254e+03 
1.714474e-02 	 3.309980e+04 	 1.606950e+04 	 1.411822e+03 
1.728020e-02 	 3.305533e+04 	 1.605934e+04 	 1.418827e+03 
1.741674e-02 	 3.300843e+04 	 1.605186e+04 	 1.441327e+03 
1.755435e-02 	 3.295916e+04 	 1.604140e+04 	 1.448570e+03 
1.769305e-02 	 3.290756e+04 	 1.603354e+04 	 1.470991e+03 
1.783285e-02 	 3.285368e+04 	 1.602274e+04 	 1.478455e+03 
1.797375e-02 	 3.279737e+04 	 1.601449e+04 	 1.500787e+03 
1.811576e-02 	 3.273824e+04 	 1.600336e+04 	 1.508453e+03 
1.825890e-02 	 3.267603e+04 	 1.599471e+04 	 1.530684e+03 
1.840317e-02 	 3.261120e+04 	 1.598323e+04 	 1.538535e+03 
1.854857e-02 	 3.254448e+04 	 1.597416e+04 	 1.560652e+03 
1.869513e-02 	 3.247602e+04 	 1.596231e+04 	 1.568668e+03 
1.884285e-02 	 3.240514e+04 	 1.595282e+04 	 1.590657e+03 
1.899173e-02 	 3.233118e+04 	 1.594058e+04 	 1.598818e+03 
1.914178e-02 	 3.225426e+04 	 1.593065e+04 	 1.620664e+03 
1.929303e-02 	 3.217481e+04 	 1.591802e+04 	 1.628950e+03 
1.944547e-02 	 3.209312e+04 	 1.590764e+04 	 1.650638e+03 
1.959911e-02 	 3.200922e+04 	 1.589460e+04 	 1.659027e+03 
1.975397e-02 	 3.192307e+04 	 1.588375e+04 	 1.680540e+03 
1.991005e-02 	 3.183435e+04 	 1.587029e+04 	 1.689010e+03 
2.006736e-02 	 3.174261e+04 	 1.585896e+04 	 1.710331e+03 
2.022592e-02 	 3.164774e+04 	 1.584506e+04 	 1.718860e+03 
2.038573e-02 	 3.155042e+04 	 1.583323e+04 	 1.739972e+03 
2.054680e-02 	 3.145142e+04 	 1.581887e+04 	 1.748535e+03 
2.070914e-02 	 3.135058e+04 	 1.580654e+04 	 1.769418e+03 
2.087277e-02 	 3.124714e+04 	 1.579172e+04 	 1.777992e+03 
2.103769e-02 	 3.114056e+04 	 1.577886e+04 	 1.798628e+03 
2.120391e-02 	 3.103111e+04 	 1.576355e+04 	 1.807188e+03 
2.137145e-02 	 3.091917e+04 	 1.575016e+04 	 1.827555e+03 
2.154031e-02 	 3.080507e+04 	 1.573435e+04 	 1.836077e+03 
2.171050e-02 	 3.068907e+04 	 1.572040e+04 	 1.856156e+03 
2.188204e-02 	 3.057127e+04 	 1.570408e+04 	 1.864612e+03 
2.205494e-02 	 3.045111e+04 	 1.568957e+04 	 1.884382e+03 
2.222920e-02 	 3.032789e+04 	 1.567271e+04 	 1.892748e+03 
2.240484e-02 	 3.020158e+04 	 1.565763e+04 	 1.912186e+03 
2.258186e-02 	 3.007280e+04 	 1.564023e+04 	 1.920435e+03 
2.276029e-02 	 2.994215e+04 	 1.562454e+04 	 1.939519e+03 
2.294012e-02 	 2.980963e+04 	 1.560658e+04 	 1.947625e+03 
2.312138e-02 	 2.967512e+04 	 1.559029e+04 	 1.966335e+03 
2.330406e-02 	 2.953856e+04 	 1.557176e+04 	 1.974270e+03 
2.348819e-02 	 2.940004e+04 	 1.555485e+04 	 1.992582e+03 
2.367378e-02 	 2.925956e+04 	 1.553572e+04 	 2.000320e+03 
2.386083e-02 	 2.911676e+04 	 1.551817e+04 	 2.018212e+03 
2.404936e-02 	 2.897114e+04 	 1.549844e+04 	 2.025727e+03 
2.423938e-02 	 2.882279e+04 	 1.548025e+04 	 2.043177e+03 
2.443090e-02 	 2.867271e+04 	 1.545990e+04 	 2.050442e+03 
2.462393e-02 	 2.852188e+04 	 1.544104e+04 	 2.067427e+03 
2.481849e-02 	 2.836993e+04 	 1.542007e+04 	 2.074417e+03 
2.501459e-02 	 2.821589e+04 	 1.540054e+04 	 2.090915e+03 
2.521223e-02 	 2.805923e+04 	 1.537891e+04 	 2.097604e+03 
2.541144e-02 	 2.790040e+04 	 1.535870e+04 	 2.113594e+03 
2.561222e-02 	 2.773990e+04 	 1.533642e+04 	 2.119957e+03 
2.581459e-02 	 2.757784e+04 	 1.531550e+04 	 2.135420e+03 
2.601856e-02 	 2.741408e+04 	 1.529255e+04 	 2.141432e+03 
2.622413e-02 	 2.724857e+04 	 1.527093e+04 	 2.156347e+03 
2.643134e-02 	 2.708154e+04 	 1.524731e+04 	 2.161986e+03 
2.664018e-02 	 2.691322e+04 	 1.522497e+04 	 2.176334e+03 
2.685067e-02 	 2.674365e+04 	 1.520065e+04 	 2.181578e+03 
2.706282e-02 	 2.657268e+04 	 1.517758e+04 	 2.195341e+03 
2.727665e-02 	 2.640019e+04 	 1.515257e+04 	 2.200170e+03 
2.749217e-02 	 2.622612e+04 	 1.512877e+04 	 2.213332e+03 
2.770939e-02 	 2.605042e+04 	 1.510304e+04 	 2.217726e+03 
2.792833e-02 	 2.587340e+04 	 1.507850e+04 	 2.230273e+03 
2.814899e-02 	 2.569564e+04 	 1.505206e+04 	 2.234214e+03 
2.837141e-02 	 2.551758e+04 	 1.502677e+04 	 2.246133e+03 
2.859557e-02 	 2.533887e+04 	 1.499961e+04 	 2.249607e+03 
2.882151e-02 	 2.515897e+04 	 1.497356e+04 	 2.260886e+03 
2.904924e-02 	 2.497777e+04 	 1.494568e+04 	 2.263879e+03 
2.927876e-02 	 2.479566e+04 	 1.491888e+04 	 2.274509e+03 
2.951010e-02 	 2.461302e+04 	 1.489026e+04 	 2.277009e+03 
2.974327e-02 	 2.442986e+04 	 1.486270e+04 	 2.286984e+03 
2.997828e-02 	 2.424608e+04 	 1.483336e+04 	 2.288984e+03 
3.021514e-02 	 2.406180e+04 	 1.480503e+04 	 2.298299e+03 
3.045388e-02 	 2.387743e+04 	 1.477495e+04 	 2.299791e+03 
3.069450e-02 	 2.369336e+04 	 1.474587e+04 	 2.308444e+03 
3.093702e-02 	 2.350943e+04 	 1.471506e+04 	 2.309426e+03 
3.118146e-02 	 2.332524e+04 	 1.468522e+04 	 2.317419e+03 
3.142783e-02 	 2.314061e+04 	 1.465368e+04 	 2.317890e+03 
3.167615e-02 	 2.295570e+04 	 1.462308e+04 	 2.325226e+03 
3.192643e-02 	 2.277071e+04 	 1.459082e+04 	 2.325188e+03 
3.217869e-02 	 2.258574e+04 	 1.455947e+04 	 2.331875e+03 
3.243294e-02 	 2.240089e+04 	 1.452649e+04 	 2.331334e+03 
3.268920e-02 	 2.221617e+04 	 1.449440e+04 	 2.337382e+03 
3.294748e-02 	 2.203142e+04 	 1.446071e+04 	 2.336347e+03 
3.320781e-02 	 2.184658e+04 	 1.442788e+04 	 2.341769e+03 
3.347019e-02 	 2.166252e+04 	 1.439348e+04 	 2.340252e+03 
3.373465e-02 	 2.148074e+04 	 1.435994e+04 	 2.345064e+03 
3.400119e-02 	 2.130109e+04 	 1.432485e+04 	 2.343081e+03 
3.426984e-02 	 2.111880e+04 	 1.429059e+04 	 2.347303e+03 
3.454062e-02 	 2.092843e+04 	 1.425482e+04 	 2.344872e+03 
3.481353e-02 	 2.072887e+04 	 1.421986e+04 	 2.348528e+03 
3.508860e-02 	 2.052253e+04 	 1.418342e+04 	 2.345672e+03 
3.536584e-02 	 2.031206e+04 	 1.414779e+04 	 2.348787e+03 
3.564527e-02 	 2.010023e+04 	 1.411070e+04 	 2.345530e+03 
3.592691e-02 	 1.988994e+04 	 1.407440e+04 	 2.348135e+03 
3.621078e-02 	 1.968423e+04 	 1.403667e+04 	 2.344505e+03 
3.649689e-02 	 1.948611e+04 	 1.399973e+04 	 2.346631e+03 
3.678526e-02 	 1.929613e+04 	 1.396139e+04 	 2.342661e+03 
3.707591e-02 	 1.911280e+04 	 1.392382e+04 	 2.344342e+03 
3.736885e-02 	 1.893452e+04 	 1.388489e+04 	 2.340065e+03 
3.766411e-02 	 1.875959e+04 	 1.384671e+04 	 2.341340e+03 
3.796170e-02 	 1.858626e+04 	 1.380721e+04 	 2.336791e+03 
3.826165e-02 	 1.841282e+04 	 1.376845e+04 	 2.337699e+03 
3.856396e-02 	 1.823904e+04 	 1.372840e+04 	 2.332917e+03 
3.886866e-02 	 1.806546e+04 	 1.368908e+04 	 2.333499e+03 
3.917577e-02 	 1.789267e+04 	 1.364850e+04 	 2.328524e+03 
3.948531e-02 	 1.772127e+04 	 1.360865e+04 	 2.328823e+03 
3.979729e-02 	 1.755191e+04 	 1.356757e+04 	 2.323697e+03 
4.011174e-02 	 1.738515e+04 	 1.352721e+04 	 2.323757e+03 
4.042867e-02 	 1.722109e+04 	 1.348566e+04 	 2.318520e+03 
4.074811e-02 	 1.705967e+04 	 1.344481e+04 	 2.318385e+03 
4.107007e-02 	 1.690081e+04 	 1.340281e+04 	 2.313080e+03 
4.139457e-02 	 1.674442e+04 	 1.336151e+04 	 2.312794e+03 
4.172164e-02 	 1.659042e+04 	 1.331907e+04 	 2.307463e+03 
4.205129e-02 	 1.643873e+04 	 1.327734e+04 	 2.307070e+03 
4.238354e-02 	 1.628943e+04 	 1.323450e+04 	 2.301753e+03 
4.271843e-02 	 1.614257e+04 	 1.319236e+04 	 2.301295e+03 
4.305595e-02 	 1.599825e+04 	 1.314914e+04 	 2.296033e+03 
4.339615e-02 	 1.585655e+04 	 1.310661e+04 	 2.295549e+03 
4.373903e-02 	 1.571754e+04 	 1.306304e+04 	 2.290378e+03 
4.408462e-02 	 1.558130e+04 	 1.302014e+04 	 2.289907e+03 
4.443294e-02 	 1.544787e+04 	 1.297624e+04 	 2.284861e+03 
4.478402e-02 	 1.531726e+04 	 1.293300e+04 	 2.284437e+03 
4.513787e-02 	 1.518952e+04 	 1.288877e+04 	 2.279546e+03 
4.549451e-02 	 1.506466e+04 	 1.284521e+04 	 2.279200e+03 
4.585397e-02 	 1.494271e+04 	 1.280068e+04 	 2.274491e+03 
4.621627e-02 	 1.482370e+04 	 1.275681e+04 	 2.274248e+03 
4.658144e-02 	 1.470765e+04 	 1.271199e+04 	 2.269742e+03 
4.694949e-02 	 1.459457e+04 	 1.266782e+04 	 2.269623e+03 
4.732045e-02 	 1.448451e+04 	 1.262273e+04 	 2.265336e+03 
4.769433e-02 	 1.437746e+04 	 1.257826e+04 	 2.265354e+03 
4.807118e-02 	 1.427346e+04 	 1.253290e+04 	 2.261296e+03 
4.845100e-02 	 1.417250e+04 	 1.248816e+04 	 2.261461e+03 
4.883382e-02 	 1.407459e+04 	 1.244253e+04 	 2.257634e+03 
4.921967e-02 	 1.397971e+04 	 1.239750e+04 	 2.257946e+03 
4.960856e-02 	 1.388786e+04 	 1.235160e+04 	 2.254347e+03 
5.000053e-02 	 1.379903e+04 	 1.230628e+04 	 2.254800e+03 
5.039560e-02 	 1.371319e+04 	 1.226011e+04 	 2.251417e+03 
5.079378e-02 	 1.363037e+04 	 1.221450e+04 	 2.251998e+03 
5.119511e-02 	 1.355058e+04 	 1.216804e+04 	 2.248812e+03 
5.159962e-02 	 1.347386e+04 	 1.212213e+04 	 2.249500e+03 
5.200732e-02 	 1.340022e+04 	 1.207537e+04 	 2.246483e+03 
5.241824e-02 	 1.332970e+04 	 1.202913e+04 	 2.247248e+03 
5.283241e-02 	 1.326230e+04 	 1.198205e+04 	 2.244367e+03 
5.324985e-02 	 1.319792e+04 	 1.193546e+04 	 2.245173e+03 
5.367058e-02 	 1.313639e+04 	 1.188804e+04 	 2.242386e+03 
5.409465e-02 	 1.307755e+04 	 1.184108e+04 	 2.243188e+03 
5.452206e-02 	 1.302122e+04 	 1.179329e+04 	 2.240446e+03 
5.495285e-02 	 1.296719e+04 	 1.174593e+04 	 2.241195e+03 
5.538705e-02 	 1.291524e+04 	 1.169772e+04 	 2.238442e+03 
5.582467e-02 	 1.286505e+04 	 1.164992e+04 	 2.239079e+03 
5.626575e-02 	 1.281622e+04 	 1.160127e+04 	 2.236255e+03 
5.671032e-02 	 1.276838e+04 	 1.155300e+04 	 2.236719e+03 
5.715840e-02 	 1.272109e+04 	 1.150386e+04 	 2.233758e+03 
5.761002e-02 	 1.267392e+04 	 1.145507e+04 	 2.233982e+03 
5.806521e-02 	 1.262646e+04 	 1.140540e+04 	 2.230813e+03 
5.852400e-02 	 1.257845e+04 	 1.135605e+04 	 2.230727e+03 
5.898641e-02 	 1.252964e+04 	 1.130581e+04 	 2.227278e+03 
5.945247e-02 	 1.247979e+04 	 1.125585e+04 	 2.226811e+03 
5.992222e-02 	 1.242862e+04 	 1.120499e+04 	 2.223010e+03 
6.039568e-02 	 1.237586e+04 	 1.115437e+04 	 2.222090e+03 
6.087288e-02 	 1.232126e+04 	 1.110286e+04 	 2.217862e+03 
6.135385e-02 	 1.226463e+04 	 1.105154e+04 	 2.216418e+03 
6.183862e-02 	 1.220580e+04 	 1.099931e+04 	 2.211694e+03 
6.232722e-02 	 1.214457e+04 	 1.094726e+04 	 2.209658e+03 
6.281968e-02 	 1.208074e+04 	 1.089428e+04 	 2.204371e+03 
6.331603e-02 	 1.201411e+04 	 1.084144e+04 	 2.201679e+03 
6.381630e-02 	 1.194450e+04 	 1.078768e+04 	 2.195767e+03 
6.432053e-02 	 1.187173e+04 	 1.073402e+04 	 2.192364e+03 
6.482874e-02 	 1.179565e+04 	 1.067944e+04 	 2.185772e+03 
6.534097e-02 	 1.171607e+04 	 1.062494e+04 	 2.181609e+03 
6.585724e-02 	 1.163283e+04 	 1.056950e+04 	 2.174292e+03 
6.637759e-02 	 1.154574e+04 	 1.051413e+04 	 2.169329e+03 
6.690205e-02 	 1.145476e+04 	 1.045782e+04 	 2.161254e+03 
6.743066e-02 	 1.136000e+04 	 1.040157e+04 	 2.155463e+03 
6.796345e-02 	 1.126155e+04 	 1.034438e+04 	 2.146605e+03 
6.850044e-02 	 1.115955e+04 	 1.028723e+04 	 2.139972e+03 
6.904168e-02 	 1.105411e+04 	 1.022916e+04 	 2.130322e+03 
6.958719e-02 	 1.094538e+04 	 1.017111e+04 	 2.122844e+03 
7.013701e-02 	 1.083360e+04 	 1.011216e+04 	 2.112406e+03 
7.069118e-02 	 1.071909e+04 	 1.005324e+04 	 2.104095e+03 
7.124973e-02 	 1.060220e+04 	 9.993426e+03 	 2.092888e+03 
7.181269e-02 	 1.048327e+04 	 9.933641e+03 	 2.083772e+03 
7.238009e-02 	 1.036269e+04 	 9.872992e+03 	 2.071829e+03 
7.295198e-02 	 1.024082e+04 	 9.812378e+03 	 2.061949e+03 
7.352839e-02 	 1.011793e+04 	 9.750928e+03 	 2.049317e+03 
7.410936e-02 	 9.994211e+03 	 9.689527e+03 	 2.038729e+03 
7.469491e-02 	 9.869892e+03 	 9.627323e+03 	 2.025471e+03 
7.528509e-02 	 9.745200e+03 	 9.565185e+03 	 2.014243e+03 
7.587994e-02 	 9.620374e+03 	 9.502282e+03 	 2.000433e+03 
7.647948e-02 	 9.495652e+03 	 9.439467e+03 	 1.988648e+03 
7.708376e-02 	 9.371213e+03 	 9.375929e+03 	 1.974372e+03 
7.769282e-02 	 9.247228e+03 	 9.312503e+03 	 1.962122e+03 
7.830668e-02 	 9.123875e+03 	 9.248399e+03 	 1.947475e+03 
7.892540e-02 	 9.001340e+03 	 9.184438e+03 	 1.934860e+03 
7.954901e-02 	 8.879815e+03 	 9.119845e+03 	 1.919945e+03 
8.017754e-02 	 8.759486e+03 	 9.055427e+03 	 1.907072e+03 
8.081104e-02 	 8.640494e+03 	 8.990425e+03 	 1.891999e+03 
8.144955e-02 	 8.522976e+03 	 8.925633e+03 	 1.878978e+03 
8.209310e-02 	 8.407077e+03 	 8.860307e+03 	 1.863856e+03 
8.274173e-02 	 8.292946e+03 	 8.795225e+03 	 1.850800e+03 
8.339549e-02 	 8.180737e+03 	 8.729661e+03 	 1.835740e+03 
8.405442e-02 	 8.070564e+03 	 8.664375e+03 	 1.822759e+03 
8.471855e-02 	 7.962464e+03 	 8.598657e+03 	 1.807869e+03 
8.538793e-02 	 7.856463e+03 	 8.533252e+03 	 1.795068e+03 
8.606260e-02 	 7.752586e+03 	 8.467464e+03 	 1.780449e+03 
8.674260e-02 	 7.650858e+03 	 8.402023e+03 	 1.767929e+03 
8.742797e-02 	 7.551304e+03 	 8.336246e+03 	 1.753676e+03 
8.811876e-02 	 7.453915e+03 	 8.270848e+03 	 1.741526e+03 
8.881500e-02 	 7.358641e+03 	 8.205160e+03 	 1.727724e+03 
8.951675e-02 	 7.265425e+03 	 8.139879e+03 	 1.716025e+03 
9.022404e-02 	 7.174206e+03 	 8.074351e+03 	 1.702746e+03 
9.093692e-02 	 7.084918e+03 	 8.009257e+03 	 1.691564e+03 
9.165543e-02 	 6.997492e+03 	 7.943955e+03 	 1.678870e+03 
9.237962e-02 	 6.911884e+03 	 7.879112e+03 	 1.668260e+03 
9.310953e-02 	 6.828069e+03 	 7.814096e+03 	 1.656197e+03 
9.384521e-02 	 6.746021e+03 	 7.749561e+03 	 1.646200e+03 
9.458670e-02 	 6.665710e+03 	 7.684885e+03 	 1.634801e+03 
9.533405e-02 	 6.587106e+03 	 7.620708e+03 	 1.625445e+03 
9.608731e-02 	 6.510172e+03 	 7.556419e+03 	 1.614730e+03 
9.684651e-02 	 6.434873e+03 	 7.492644e+03 	 1.606028e+03 
9.761172e-02 	 6.361169e+03 	 7.428783e+03 	 1.596003e+03 
9.838297e-02 	 6.289015e+03 	 7.365446e+03 	 1.587956e+03 
9.916031e-02 	 6.218365e+03 	 7.302047e+03 	 1.578616e+03 
9.994380e-02 	 6.149170e+03 	 7.239182e+03 	 1.571214e+03 
1.007335e-01 	 6.081382e+03 	 7.176273e+03 	 1.562541e+03 
1.015294e-01 	 6.014999e+03 	 7.113903e+03 	 1.555762e+03 
1.023316e-01 	 5.950031e+03 	 7.051507e+03 	 1.547729e+03 
1.031401e-01 	 5.886489e+03 	 6.989653e+03 	 1.541541e+03 
1.039551e-01 	 5.824384e+03 	 6.927787e+03 	 1.534113e+03 
1.047764e-01 	 5.763726e+03 	 6.866465e+03 	 1.528476e+03 
1.056043e-01 	 5.704491e+03 	 6.805141e+03 	 1.521606e+03 
1.064387e-01 	 5.646534e+03 	 6.744359e+03 	 1.516472e+03 
1.072797e-01 	 5.589670e+03 	 6.683585e+03 	 1.510109e+03 
1.081273e-01 	 5.533705e+03 	 6.623351e+03 	 1.505424e+03 
1.089817e-01 	 5.478436e+03 	 6.563130e+03 	 1.499509e+03 
1.098428e-01 	 5.423647e+03 	 6.503443e+03 	 1.495210e+03 
1.107107e-01 	 5.369208e+03 	 6.443775e+03 	 1.489679e+03 
1.115854e-01 	 5.315217e+03 	 6.384634e+03 	 1.485701e+03 
1.124671e-01 	 5.261809e+03 	 6.325514e+03 	 1.480483e+03 
1.133557e-01 	 5.209130e+03 	 6.266914e+03 	 1.476755e+03 
1.142513e-01 	 5.157327e+03 	 6.208335e+03 	 1.471777e+03 
1.151541e-01 	 5.106557e+03 	 6.150265e+03 	 1.468223e+03 
1.160639e-01 	 5.056858e+03 	 6.092217e+03 	 1.463409e+03 
1.169810e-01 	 5.008071e+03 	 6.034668e+03 	 1.459952e+03 
1.179053e-01 	 4.960009e+03 	 5.977139e+03 	 1.455222e+03 
1.188369e-01 	 4.912474e+03 	 5.920097e+03 	 1.451783e+03 
1.197758e-01 	 4.865260e+03 	 5.863074e+03 	 1.447059e+03 
1.207222e-01 	 4.818154e+03 	 5.806527e+03 	 1.443561e+03 
1.216760e-01 	 4.771038e+03 	 5.749996e+03 	 1.438765e+03 
1.226374e-01 	 4.723912e+03 	 5.693930e+03 	 1.435133e+03 
1.236064e-01 	 4.676782e+03 	 5.637880e+03 	 1.430193e+03 
1.245831e-01 	 4.629652e+03 	 5.582284e+03 	 1.426356e+03 
1.255674e-01 	 4.582529e+03 	 5.526704e+03 	 1.421205e+03 
1.265595e-01 	 4.535415e+03 	 5.471570e+03 	 1.417102e+03 
1.275595e-01 	 4.488288e+03 	 5.416452e+03 	 1.411681e+03 
1.285674e-01 	 4.441100e+03 	 5.361774e+03 	 1.407259e+03 
1.295832e-01 	 4.393804e+03 	 5.307117e+03 	 1.401520e+03 
1.306071e-01 	 4.346349e+03 	 5.252895e+03 	 1.396739e+03 
1.316391e-01 	 4.298680e+03 	 5.198700e+03 	 1.390648e+03 
1.326792e-01 	 4.250749e+03 	 5.144939e+03 	 1.385478e+03 
1.337275e-01 	 4.202565e+03 	 5.091213e+03 	 1.379012e+03 
1.347841e-01 	 4.154170e+03 	 5.037925e+03 	 1.373438e+03 
1.358491e-01 	 4.105608e+03 	 4.984682e+03 	 1.366588e+03 
1.369224e-01 	 4.056924e+03 	 4.931882e+03 	 1.360609e+03 
1.380043e-01 	 4.008165e+03 	 4.879142e+03 	 1.353377e+03 
1.390947e-01 	 3.959382e+03 	 4.826853e+03 	 1.347002e+03 
1.401937e-01 	 3.910621e+03 	 4.774640e+03 	 1.339404e+03 
1.413014e-01 	 3.861931e+03 	 4.722889e+03 	 1.332650e+03 
1.424179e-01 	 3.813360e+03 	 4.671234e+03 	 1.324709e+03 
1.435431e-01 	 3.764962e+03 	 4.620052e+03 	 1.317606e+03 
1.446773e-01 	 3.716792e+03 	 4.568988e+03 	 1.309351e+03 
1.458204e-01 	 3.668900e+03 	 4.518412e+03 	 1.301930e+03 
1.469726e-01 	 3.621329e+03 	 4.467975e+03 	 1.293396e+03 
1.481338e-01 	 3.574115e+03 	 4.418041e+03 	 1.285695e+03 
1.493043e-01 	 3.527298e+03 	 4.368269e+03 	 1.276918e+03 
1.504840e-01 	 3.480921e+03 	 4.319016e+03 	 1.268975e+03 
1.516730e-01 	 3.435025e+03 	 4.269949e+03 	 1.259995e+03 
1.528714e-01 	 3.389648e+03 	 4.221416e+03 	 1.251849e+03 
1.540792e-01 	 3.344816e+03 	 4.173091e+03 	 1.242704e+03 
1.552967e-01 	 3.300551e+03 	 4.125315e+03 	 1.234394e+03 
1.565237e-01 	 3.256877e+03 	 4.077769e+03 	 1.225123e+03 
1.577604e-01 	 3.213819e+03 	 4.030786e+03 	 1.216688e+03 
1.590069e-01 	 3.171401e+03 	 3.984052e+03 	 1.207329e+03 
1.602633e-01 	 3.129648e+03 	 3.937894e+03 	 1.198807e+03 
1.615295e-01 	 3.088582e+03 	 3.892004e+03 	 1.189397e+03 
1.628058e-01 	 3.048227e+03 	 3.846699e+03 	 1.180822e+03 
1.640922e-01 	 3.008605e+03 	 3.801678e+03 	 1.171395e+03 
1.653887e-01 	 2.969741e+03 	 3.757251e+03 	 1.162801e+03 
1.666955e-01 	 2.931658e+03 	 3.713120e+03 	 1.153385e+03 
1.680126e-01 	 2.894359e+03 	 3.669588e+03 	 1.144799e+03 
1.693401e-01 	 2.857822e+03 	 3.626362e+03 	 1.135418e+03 
1.706781e-01 	 2.822025e+03 	 3.583738e+03 	 1.126858e+03 
1.720266e-01 	 2.786943e+03 	 3.541427e+03 	 1.117527e+03 
1.733859e-01 	 2.752550e+03 	 3.499717e+03 	 1.109005e+03 
1.747558e-01 	 2.718817e+03 	 3.458324e+03 	 1.099728e+03 
1.761366e-01 	 2.685717e+03 	 3.417527e+03 	 1.091244e+03 
1.775283e-01 	 2.653225e+03 	 3.377049e+03 	 1.082017e+03 
1.789310e-01 	 2.621312e+03 	 3.337161e+03 	 1.073562e+03 
1.803448e-01 	 2.589949e+03 	 3.297589e+03 	 1.064372e+03 
1.817697e-01 	 2.559103e+03 	 3.258599e+03 	 1.055929e+03 
1.832059e-01 	 2.528743e+03 	 3.219920e+03 	 1.046756e+03 
1.846534e-01 	 2.498846e+03 	 3.181814e+03 	 1.038303e+03 
1.861124e-01 	 2.469393e+03 	 3.144013e+03 	 1.029124e+03 
1.875829e-01 	 2.440364e+03 	 3.106772e+03 	 1.020637e+03 
1.890651e-01 	 2.411738e+03 	 3.069830e+03 	 1.011428e+03 
1.905589e-01 	 2.383493e+03 	 3.033436e+03 	 1.002885e+03 
1.920646e-01 	 2.355604e+03 	 2.997332e+03 	 9.936232e+02 
1.935821e-01 	 2.328056e+03 	 2.961763e+03 	 9.850051e+02 
1.951117e-01 	 2.300833e+03 	 2.926476e+03 	 9.756737e+02 
1.966533e-01 	 2.273918e+03 	 2.891710e+03 	 9.669647e+02 
1.982071e-01 	 2.247292e+03 	 2.857218e+03 	 9.575499e+02 
1.997731e-01 	 2.220936e+03 	 2.823233e+03 	 9.487385e+02 
2.013516e-01 	 2.194833e+03 	 2.789513e+03 	 9.392299e+02 
2.029425e-01 	 2.168968e+03 	 2.756286e+03 	 9.303074e+02 
2.045460e-01 	 2.143329e+03 	 2.723316e+03 	 9.206973e+02 
2.061622e-01 	 2.117900e+03 	 2.690825e+03 	 9.116575e+02 
2.077911e-01 	 2.092667e+03 	 2.658582e+03 	 9.019406e+02 
2.094329e-01 	 2.067614e+03 	 2.626806e+03 	 8.927796e+02 
2.110877e-01 	 2.042731e+03 	 2.595269e+03 	 8.829534e+02 
2.127555e-01 	 2.018022e+03 	 2.564186e+03 	 8.736712e+02 
2.144366e-01 	 1.993495e+03 	 2.533336e+03 	 8.637382e+02 
2.161309e-01 	 1.969156e+03 	 2.502929e+03 	 8.543406e+02 
2.178386e-01 	 1.945011e+03 	 2.472749e+03 	 8.443098e+02 
2.195598e-01 	 1.921068e+03 	 2.443003e+03 	 8.348101e+02 
2.212945e-01 	 1.897332e+03 	 2.413480e+03 	 8.246988e+02 
2.230430e-01 	 1.873810e+03 	 2.384382e+03 	 8.151184e+02 
2.248053e-01 	 1.850507e+03 	 2.355503e+03 	 8.049513e+02 
2.265816e-01 	 1.827430e+03 	 2.327043e+03 	 7.953181e+02 
2.283719e-01 	 1.804584e+03 	 2.298799e+03 	 7.851249e+02 
2.301763e-01 	 1.781975e+03 	 2.270968e+03 	 7.754701e+02 
2.319949e-01 	 1.759608e+03 	 2.243351e+03 	 7.652820e+02 
2.338280e-01 	 1.737490e+03 	 2.216140e+03 	 7.556362e+02 
2.356755e-01 	 1.715623e+03 	 2.189141e+03 	 7.454820e+02 
2.375376e-01 	 1.694014e+03 	 2.162541e+03 	 7.358724e+02 
2.394145e-01 	 1.672667e+03 	 2.136151e+03 	 7.257774e+02 
2.413061e-01 	 1.651587e+03 	 2.110153e+03 	 7.162277e+02 
2.432127e-01 	 1.630776e+03 	 2.084362e+03 	 7.062139e+02 
2.451344e-01 	 1.610237e+03 	 2.058957e+03 	 6.967461e+02 
2.470713e-01 	 1.589972e+03 	 2.033756e+03 	 6.868356e+02 
2.490234e-01 	 1.569981e+03 	 2.008935e+03 	 6.774728e+02 
2.509910e-01 	 1.550267e+03 	 1.984316e+03 	 6.676902e+02 
2.529742e-01 	 1.530830e+03 	 1.960071e+03 	 6.584586e+02 
2.549730e-01 	 1.511673e+03 	 1.936026e+03 	 6.488307e+02 
2.569876e-01 	 1.492798e+03 	 1.912350e+03 	 6.397579e+02 
2.590181e-01 	 1.474207e+03 	 1.888871e+03 	 6.303114e+02 
2.610646e-01 	 1.455902e+03 	 1.865755e+03 	 6.214222e+02 
2.631274e-01 	 1.437885e+03 	 1.842833e+03 	 6.121787e+02 
2.652064e-01 	 1.420156e+03 	 1.820267e+03 	 6.034905e+02 
2.673018e-01 	 1.402710e+03 	 1.797890e+03 	 5.944622e+02 
2.694139e-01 	 1.385542e+03 	 1.775862e+03 	 5.859823e+02 
2.715425e-01 	 1.368645e+03 	 1.754017e+03 	 5.771716e+02 
2.736881e-01 	 1.352010e+03 	 1.732511e+03 	 5.688992e+02 
2.758505e-01 	 1.335631e+03 	 1.711182e+03 	 5.603028e+02 
2.780301e-01 	 1.319499e+03 	 1.690182e+03 	 5.522339e+02 
2.802269e-01 	 1.303609e+03 	 1.669354e+03 	 5.438486e+02 
2.824410e-01 	 1.287954e+03 	 1.648847e+03 	 5.359823e+02 
2.846726e-01 	 1.272529e+03 	 1.628505e+03 	 5.278091e+02 
2.869219e-01 	 1.257326e+03 	 1.608476e+03 	 5.201486e+02 
2.891889e-01 	 1.242339e+03 	 1.588608e+03 	 5.121922e+02 
2.914739e-01 	 1.227560e+03 	 1.569045e+03 	 5.047420e+02 
2.937769e-01 	 1.212986e+03 	 1.549639e+03 	 4.970044e+02 
2.960980e-01 	 1.198611e+03 	 1.530530e+03 	 4.897631e+02 
2.984376e-01 	 1.184432e+03 	 1.511573e+03 	 4.822382e+02 
3.007956e-01 	 1.170442e+03 	 1.492905e+03 	 4.751945e+02 
3.031723e-01 	 1.156637e+03 	 1.474383e+03 	 4.678657e+02 
3.055677e-01 	 1.143010e+03 	 1.456140e+03 	 4.609999e+02 
3.079820e-01 	 1.129559e+03 	 1.438039e+03 	 4.538460e+02 
3.104155e-01 	 1.116278e+03 	 1.420209e+03 	 4.471379e+02 
3.128681e-01 	 1.103164e+03 	 1.402515e+03 	 4.401416e+02 
3.153402e-01 	 1.090210e+03 	 1.385086e+03 	 4.335785e+02 
3.178317e-01 	 1.077411e+03 	 1.367789e+03 	 4.267321e+02 
3.203430e-01 	 1.064765e+03 	 1.350750e+03 	 4.203112e+02 
3.228741e-01 	 1.052267e+03 	 1.333842e+03 	 4.136151e+02 
3.254252e-01 	 1.039916e+03 	 1.317186e+03 	 4.073384e+02 
3.279964e-01 	 1.027709e+03 	 1.300657e+03 	 4.007939e+02 
3.305880e-01 	 1.015641e+03 	 1.284374e+03 	 3.946607e+02 
3.332001e-01 	 1.003710e+03 	 1.268215e+03 	 3.882638e+02 
3.358328e-01 	 9.919142e+02 	 1.252296e+03 	 3.822673e+02 
3.384862e-01 	 9.802527e+02 	 1.236497e+03 	 3.760091e+02 
3.411607e-01 	 9.687248e+02 	 1.220933e+03 	 3.701399e+02 
3.438563e-01 	 9.573293e+02 	 1.205487e+03 	 3.640119e+02 
3.465732e-01 	 9.460650e+02 	 1.190273e+03 	 3.582638e+02 
3.493115e-01 	 9.349315e+02 	 1.175175e+03 	 3.522623e+02 
3.520715e-01 	 9.239330e+02 	 1.160307e+03 	 3.466339e+02 
3.548533e-01 	 9.130759e+02 	 1.145557e+03 	 3.407583e+02 
3.576571e-01 	 9.023665e+02 	 1.131035e+03 	 3.352485e+02 
3.604830e-01 	 8.918116e+02 	 1.116631e+03 	 3.294955e+02 
3.633312e-01 	 8.814179e+02 	 1.102454e+03 	 3.240981e+02 
3.662020e-01 	 8.711909e+02 	 1.088394e+03 	 3.184579e+02 
3.690954e-01 	 8.611311e+02 	 1.074557e+03 	 3.131609e+02 
3.720117e-01 	 8.512374e+02 	 1.060835e+03 	 3.076205e+02 
3.749511e-01 	 8.415086e+02 	 1.047331e+03 	 3.024110e+02 
3.779136e-01 	 8.319435e+02 	 1.033939e+03 	 2.969585e+02 
3.808996e-01 	 8.225402e+02 	 1.020757e+03 	 2.918257e+02 
3.839092e-01 	 8.132847e+02 	 1.007682e+03 	 2.864502e+02 
3.869425e-01 	 8.041318e+02 	 9.948088e+02 	 2.813827e+02 
3.899999e-01 	 7.950301e+02 	 9.820352e+02 	 2.760713e+02 
3.930813e-01 	 7.859251e+02 	 9.694566e+02 	 2.710556e+02 
3.961872e-01 	 7.767600e+02 	 9.569734e+02 	 2.657961e+02 
3.993175e-01 	 7.674761e+02 	 9.446822e+02 	 2.608247e+02 
4.024726e-01 	 7.580690e+02 	 9.324891e+02 	 2.556180e+02 
4.056526e-01 	 7.486257e+02 	 9.204930e+02 	 2.507030e+02 
4.088578e-01 	 7.392459e+02 	 9.086057e+02 	 2.455727e+02 
4.120883e-01 	 7.300340e+02 	 8.969271e+02 	 2.407476e+02 
4.153443e-01 	 7.210992e+02 	 8.853715e+02 	 2.357324e+02 
4.186260e-01 	 7.125525e+02 	 8.740352e+02 	 2.310347e+02 
4.219336e-01 	 7.044233e+02 	 8.628310e+02 	 2.261643e+02 
4.252674e-01 	 6.966477e+02 	 8.518481e+02 	 2.216118e+02 
4.286275e-01 	 6.891539e+02 	 8.409958e+02 	 2.168897e+02 
4.320142e-01 	 6.818662e+02 	 8.303567e+02 	 2.124732e+02 
4.354277e-01 	 6.747052e+02 	 8.198384e+02 	 2.078816e+02 
4.388681e-01 	 6.675919e+02 	 8.095200e+02 	 2.035798e+02 
4.423357e-01 	 6.605038e+02 	 7.993110e+02 	 1.990985e+02 
4.458306e-01 	 6.534617e+02 	 7.892901e+02 	 1.948956e+02 
4.493533e-01 	 6.464882e+02 	 7.793698e+02 	 1.905133e+02 
4.529037e-01 	 6.396071e+02 	 7.696284e+02 	 1.864011e+02 
4.564822e-01 	 6.328434e+02 	 7.599807e+02 	 1.821105e+02 
4.600889e-01 	 6.262189e+02 	 7.505035e+02 	 1.780814e+02 
4.637242e-01 	 6.197249e+02 	 7.411131e+02 	 1.738745e+02 
4.673882e-01 	 6.133360e+02 	 7.318843e+02 	 1.699221e+02 
4.710811e-01 	 6.070257e+02 	 7.227350e+02 	 1.657959e+02 
4.748032e-01 	 6.007660e+02 	 7.137392e+02 	 1.619219e+02 
4.785548e-01 	 5.945274e+02 	 7.048173e+02 	 1.578817e+02 
4.823359e-01 	 5.882867e+02 	 6.960429e+02 	 1.540922e+02 
4.861470e-01 	 5.820578e+02 	 6.873392e+02 	 1.501416e+02 
4.899881e-01 	 5.758681e+02 	 6.787795e+02 	 1.464356e+02 
4.938596e-01 	 5.697461e+02 	 6.702899e+02 	 1.425693e+02 
4.977617e-01 	 5.637216e+02 	 6.619431e+02 	 1.389405e+02 
5.016946e-01 	 5.578258e+02 	 6.536679e+02 	 1.351554e+02 
5.056586e-01 	 5.520811e+02 	 6.455362e+02 	 1.316081e+02 
5.096539e-01 	 5.464774e+02 	 6.374782e+02 	 1.279160e+02 
5.136808e-01 	 5.409969e+02 	 6.295639e+02 	 1.244661e+02 
5.177395e-01 	 5.356210e+02 	 6.217236e+02 	 1.208809e+02 
5.218303e-01 	 5.303300e+02 	 6.140246e+02 	 1.175345e+02 
5.259534e-01 	 5.251032e+02 	 6.063973e+02 	 1.140517e+02 
5.301091e-01 	 5.199241e+02 	 5.989068e+02 	 1.107952e+02 
5.342976e-01 	 5.147868e+02 	 5.914853e+02 	 1.073971e+02 
5.385192e-01 	 5.096865e+02 	 5.841974e+02 	 1.042153e+02 
5.427741e-01 	 5.046179e+02 	 5.769780e+02 	 1.008934e+02 
5.470627e-01 	 4.995758e+02 	 5.698920e+02 	 9.778677e+01 
5.513852e-01 	 4.945549e+02 	 5.628772e+02 	 9.455011e+01 
5.557418e-01 	 4.895678e+02 	 5.559991e+02 	 9.153415e+01 
5.601328e-01 	 4.846547e+02 	 5.491978e+02 	 8.840213e+01 
5.645585e-01 	 4.798592e+02 	 5.425382e+02 	 8.549811e+01 
5.690192e-01 	 4.752272e+02 	 5.359617e+02 	 8.249055e+01 
5.735152e-01 	 4.708068e+02 	 5.295299e+02 	 7.971203e+01 
5.780467e-01 	 4.666453e+02 	 5.231818e+02 	 7.683023e+01 
5.826139e-01 	 4.627321e+02 	 5.169726e+02 	 7.416176e+01 
5.872173e-01 	 4.589968e+02 	 5.108368e+02 	 7.137262e+01 
5.918570e-01 	 4.553634e+02 	 5.048233e+02 	 6.876788e+01 
5.965334e-01 	 4.517520e+02 	 4.988645e+02 	 6.601977e+01 
6.012467e-01 	 4.480787e+02 	 4.930080e+02 	 6.343099e+01 
6.059973e-01 	 4.442622e+02 	 4.871899e+02 	 6.068708e+01 
6.107854e-01 	 4.402969e+02 	 4.814614e+02 	 5.809241e+01 
6.156114e-01 	 4.362293e+02 	 4.757660e+02 	 5.534631e+01 
6.204755e-01 	 4.321093e+02 	 4.701595e+02 	 5.275300e+01 
6.253780e-01 	 4.279891e+02 	 4.645905e+02 	 5.002190e+01 
6.303192e-01 	 4.239235e+02 	 4.591161e+02 	 4.745263e+01 
6.352995e-01 	 4.199634e+02 	 4.536860e+02 	 4.475989e+01 
6.403191e-01 	 4.161164e+02 	 4.483542e+02 	 4.223549e+01 
6.453784e-01 	 4.123698e+02 	 4.430691e+02 	 3.959843e+01 
6.504777e-01 	 4.087102e+02 	 4.378812e+02 	 3.713417e+01 
6.556173e-01 	 4.051234e+02 	 4.327385e+02 	 3.456721e+01 
6.607975e-01 	 4.015947e+02 	 4.276897e+02 	 3.217562e+01 
6.660186e-01 	 3.981108e+02 	 4.226832e+02 	 2.968531e+01 
6.712809e-01 	 3.946690e+02 	 4.177662e+02 	 2.736311e+01 
6.765848e-01 	 3.912697e+02 	 4.128882e+02 	 2.493672e+01 
6.819307e-01 	 3.879133e+02 	 4.080964e+02 	 2.266882e+01 
6.873188e-01 	 3.846000e+02 	 4.033422e+02 	 2.029927e+01 
6.927494e-01 	 3.813302e+02 	 3.986726e+02 	 1.809402e+01 
6.982230e-01 	 3.781041e+02 	 3.940402e+02 	 1.580339e+01 
7.037398e-01 	 3.749231e+02 	 3.894908e+02 	 1.368648e+01 
7.093002e-01 	 3.717881e+02 	 3.849778e+02 	 1.149175e+01 
7.149045e-01 	 3.687003e+02 	 3.805462e+02 	 9.465177e+00 
7.205531e-01 	 3.656611e+02 	 3.761505e+02 	 7.355420e+00 
7.262464e-01 	 3.626715e+02 	 3.718353e+02 	 5.402577e+00 
7.319846e-01 	 3.597316e+02 	 3.675557e+02 	 3.362065e+00 
7.377682e-01 	 3.568394e+02 	 3.633543e+02 	 1.471540e+00 
7.435974e-01 	 3.539922e+02 	 3.591862e+02 	 -5.068395e-01 
7.494728e-01 	 3.511874e+02 	 3.550926e+02 	 -2.340270e+00 
7.553945e-01 	 3.484219e+02 	 3.510292e+02 	 -4.264164e+00 
7.613631e-01 	 3.456928e+02 	 3.470357e+02 	 -6.053633e+00 
7.673787e-01 	 3.429951e+02 	 3.430678e+02 	 -7.940241e+00 
7.734420e-01 	 3.403212e+02 	 3.391636e+02 	 -9.700261e+00 
7.795531e-01 	 3.376632e+02 	 3.352798e+02 	 -1.155406e+01 
7.857125e-01 	 3.350127e+02 	 3.314534e+02 	 -1.327625e+01 
7.919206e-01 	 3.323608e+02 	 3.276412e+02 	 -1.507991e+01 
7.981777e-01 	 3.296991e+02 	 3.238801e+02 	 -1.674533e+01 
8.044843e-01 	 3.270298e+02 	 3.201299e+02 	 -1.848420e+01 
8.108407e-01 	 3.243658e+02 	 3.164296e+02 	 -2.008313e+01 
8.172473e-01 	 3.217207e+02 	 3.127426e+02 	 -2.175003e+01 
8.237046e-01 	 3.191087e+02 	 3.091082e+02 	 -2.327724e+01 
8.302129e-01 	 3.165449e+02 	 3.054903e+02 	 -2.487189e+01 
8.367725e-01 	 3.140437e+02 	 3.019278e+02 	 -2.633334e+01 
8.433841e-01 	 3.116085e+02 	 2.983858e+02 	 -2.786400e+01 
8.500478e-01 	 3.092361e+02 	 2.949030e+02 	 -2.926476e+01 
8.567642e-01 	 3.069227e+02 	 2.914457e+02 	 -3.073319e+01 
8.635337e-01 	 3.046643e+02 	 2.880518e+02 	 -3.207647e+01 
8.703567e-01 	 3.024568e+02 	 2.846868e+02 	 -3.349162e+01 
8.772336e-01 	 3.002953e+02 	 2.813840e+02 	 -3.479253e+01 
8.841648e-01 	 2.981711e+02 	 2.781053e+02 	 -3.617278e+01 
8.911507e-01 	 2.960737e+02 	 2.748818e+02 	 -3.744552e+01 
8.981919e-01 	 2.939921e+02 	 2.716778e+02 	 -3.879119e+01 
9.052887e-01 	 2.919146e+02 	 2.685255e+02 	 -4.002002e+01 
9.124416e-01 	 2.898291e+02 	 2.653898e+02 	 -4.131224e+01 
9.196510e-01 	 2.877269e+02 	 2.623018e+02 	 -4.249253e+01 
9.269174e-01 	 2.856161e+02 	 2.592289e+02 	 -4.374364e+01 
9.342411e-01 	 2.835090e+02 	 2.562059e+02 	 -4.488985e+01 
9.416228e-01 	 2.814187e+02 	 2.532050e+02 	 -4.610383e+01 
9.490627e-01 	 2.793590e+02 	 2.502618e+02 	 -4.721425e+01 
9.565615e-01 	 2.773443e+02 	 2.473477e+02 	 -4.839569e+01 
9.641195e-01 	 2.753841e+02 	 2.444950e+02 	 -4.947907e+01 
9.717372e-01 	 2.734745e+02 	 2.416733e+02 	 -5.062509e+01 
9.794151e-01 	 2.716093e+02 	 2.389109e+02 	 -5.165849e+01 
9.871537e-01 	 2.697815e+02 	 2.361744e+02 	 -5.273653e+01 
9.949534e-01 	 2.679841e+02 	 2.334886e+02 	 -5.369478e+01 
